#NOTHING
9999 99999 100
# ==== MARIO =========
#idle BIG right
400 10001 100
#idle BIG left
401 10011 100
#idle down
402 10006 100
#idle up
403 10008 100

#walk right big
500 10002 100 10003 100
#walk left big
501 10012 100 10013 100
#walk down 
502 10006 100 10007 100
#walk up
503 10008 100 10009 100
#die
599 10001 100

#FROG
#======GUN
771001 7710001 100
771002 7710002 100
771003 7710003 100
771004 7710004 100
#=======BODY
772001 7720001 100
772002 7720002 100
772003 7720003 100
772004 7720004 100

772005 7720005 100
772006 7720006 100
772007 7720007 100
772008 7720008 100
#====WHEEL
#up right
773001 7730001 100
#left
773002 7730002 100
#up left 
773003 7730003 100
#up
773004 7730004 100
#=======BULLET
774001 7740001 100
774002 7740002 100
774003 7740003 100
774004 7740004 100
774005 7740005 100
774006 7740006 100
774007 7740007 100

#BOOM
30001 300001 100
# ==== LADYBIRD  =========
# walk left
31001 310000 100 310004 100
# walk right
31002 310000 100 310002 100
# ==== BRICK =========
20000 200000 100
#BACKGROUND
20001 200001 100
20002 200002 100
20003 200003 100
20004 200004 100
#corner left
20005 200005 100
#corner right
20006 200006 100
20007 200007 100
#the porttal
20008 200008 100
#ITEM from 210001
#point
21001 210001 100
#bulletBoom
21002 210002 100
#enemy bullet
21003 210003 100
#ENEMY 
#BALLBOT
32001 320001 200 320002 200 320003 200
32002 320004 200 320005 200 320006 200
#32001 340004 100
#EYELET
33001 330001 100 330002 100 330003 100 330004 100
33002 330005 100 330006 100 330007 100 330008 100
#BALLCARRY
#sleep 
34001 340004 100
#run left 
34002 340001 100 340003 100
#run right
34003 340006 100 340008 100
#fire
34004 340002 100
