#NOTHING
999 9999
# MARIO
1 400 401 402 403 500 501 502 503 599

#FROG 
#===GUN
77101 771001 771002 771003 771004
#===BODY
77201 772001 772001 772003 772004 772005 772006 772007 772008
77202 772004 772005 772006 772007
#===WHEEL
77301 773001 773002 773003 773004
#BOOM
3001 30001
# LADYBIRD
3101 31001 31002 31001
# BRICK 
2000 20000
2008 20008
2016 20016
2024 20024
2032 20032
2040 20040
2048 20048
2056 20056
2064 20064
2072 20072
2080 20080
2088 20088
2096 20096
2104 20104
2001 20001
2009 20009
2017 20017
2025 20025
2033 20033
2041 20041
2049 20049
2057 20057
2065 20065
2073 20073
2081 20081
2089 20089
2097 20097
2105 20105
2002 20002
2010 20010
2018 20018
2026 20026
2034 20034
2042 20042
2050 20050
2058 20058
2066 20066
2074 20074
2082 20082
2090 20090
2098 20098
2106 20106
2003 20003
2011 20011
2019 20019
2027 20027
2035 20035
2043 20043
2051 20051
2059 20059
2067 20067
2075 20075
2083 20083
2091 20091
2099 20099
2107 20107
2004 20004
2012 20012
2020 20020
2028 20028
2036 20036
2044 20044
2052 20052
2060 20060
2068 20068
2076 20076
2084 20084
2092 20092
2100 20100
2108 20108
2005 20005
2013 20013
2021 20021
2029 20029
2037 20037
2045 20045
2053 20053
2061 20061
2069 20069
2077 20077
2085 20085
2093 20093
2101 20101
2109 20109
2006 20006
2014 20014
2022 20022
2030 20030
2038 20038
2046 20046
2054 20054
2062 20062
2070 20070
2078 20078
2086 20086
2094 20094
2102 20102
2110 20110
2007 20007
2015 20015
2023 20023
2031 20031
2039 20039
2047 20047
2055 20055
2063 20063
2071 20071
2079 20079
2087 20087
2095 20095
2103 20103
2111 20111