[OBJECTS]
# type	x	y	ani_set_id	extra_settings per object type
# type: 0 = Mario , 1 = Brick, 2 = Goomba
1 0 0 2059
1 16 0 2060
1 32 0 2059
1 48 0 2060
1 64 0 2059
1 80 0 2060
1 96 0 2059
1 112 0 2060
1 128 0 2059
1 144 0 2060
1 160 0 2059
1 176 0 2060
1 192 0 2059
1 208 0 2060
1 224 0 2059
1 240 0 2060
1 256 0 2059
1 272 0 2060
1 288 0 2059
1 304 0 2060
1 320 0 2059
1 336 0 2060
1 352 0 2059
1 368 0 2060
1 384 0 2059
1 400 0 2060
1 416 0 2059
1 432 0 2060
1 448 0 2059
1 464 0 2060
1 480 0 2059
1 496 0 2060
1 512 0 2059
1 528 0 2060
1 544 0 2059
1 560 0 2060
1 576 0 2059
1 592 0 2060
1 608 0 2059
1 624 0 2059
1 640 0 2060
1 656 0 2059
1 672 0 2060
1 688 0 2059
1 704 0 2060
1 720 0 2059
1 736 0 2060
1 752 0 2059
1 768 0 2060
1 784 0 2059
1 800 0 2060
1 816 0 2059
1 832 0 2060
1 848 0 2059
1 864 0 2060
1 880 0 2059
1 896 0 2060
1 912 0 2059
1 928 0 2060
1 944 0 2059
1 960 0 2060
1 976 0 2059
1 992 0 2060
1 1008 0 2059
1 1024 0 2060
1 1040 0 2059
1 1056 0 2060
1 1072 0 2059
1 1088 0 2060
1 1104 0 2059
1 1120 0 2060
1 1136 0 2059
1 1152 0 2060
1 1168 0 2059
1 1184 0 2060
1 1200 0 2059
1 1216 0 2060
1 1232 0 2059
1 1248 0 2060
1 1264 0 2059
1 1280 0 2060
1 1296 0 2059
1 1312 0 2060
1 1328 0 2059
1 1344 0 2060
1 1360 0 2059
1 0 16 2067
1 16 16 2068
1 32 16 2067
1 48 16 2068
1 64 16 2067
1 80 16 2068
1 96 16 2067
1 112 16 2068
1 128 16 2067
1 144 16 2068
1 160 16 2067
1 176 16 2068
1 192 16 2067
1 208 16 2068
1 224 16 2067
1 240 16 2068
1 256 16 2067
1 272 16 2068
1 288 16 2067
1 304 16 2068
1 320 16 2067
1 336 16 2068
1 352 16 2067
1 368 16 2068
1 384 16 2067
1 400 16 2068
1 416 16 2067
1 432 16 2068
1 448 16 2067
1 464 16 2068
1 480 16 2067
1 496 16 2068
1 512 16 2067
1 528 16 2068
1 544 16 2067
1 560 16 2068
1 576 16 2067
1 592 16 2068
1 608 16 2067
1 624 16 2067
1 640 16 2068
1 656 16 2067
1 672 16 2068
1 688 16 2067
1 704 16 2068
1 720 16 2067
1 736 16 2068
1 752 16 2067
1 768 16 2068
1 784 16 2067
1 800 16 2068
1 816 16 2067
1 832 16 2068
1 848 16 2067
1 864 16 2068
1 880 16 2067
1 896 16 2068
1 912 16 2067
1 928 16 2068
1 944 16 2067
1 960 16 2068
1 976 16 2067
1 992 16 2068
1 1008 16 2067
1 1024 16 2068
1 1040 16 2067
1 1056 16 2068
1 1072 16 2067
1 1088 16 2068
1 1104 16 2067
1 1120 16 2068
1 1136 16 2067
1 1152 16 2068
1 1168 16 2067
1 1184 16 2068
1 1200 16 2067
1 1216 16 2068
1 1232 16 2067
1 1248 16 2068
1 1264 16 2067
1 1280 16 2068
1 1296 16 2067
1 1312 16 2068
1 1328 16 2067
1 1344 16 2068
1 1360 16 2067
1 0 32 2059
1 16 32 2060
1 32 32 2059
1 48 32 2060
1 64 32 2059
1 80 32 2060
1 96 32 2059
1 112 32 2060
1 128 32 2059
1 144 32 2060
1 160 32 2059
1 176 32 2060
1 192 32 2059
1 208 32 2060
1 224 32 2059
1 240 32 2060
1 256 32 2059
1 272 32 2060
1 288 32 2059
1 304 32 2060
1 320 32 2059
1 336 32 2060
1 352 32 2059
1 368 32 2060
1 384 32 2059
1 400 32 2060
1 416 32 2059
1 432 32 2060
1 448 32 2059
1 464 32 2060
1 480 32 2059
1 496 32 2060
1 512 32 2059
1 528 32 2060
1 544 32 2059
1 560 32 2060
1 576 32 2059
1 592 32 2060
1 608 32 2059
1 624 32 2059
1 640 32 2060
1 656 32 2059
1 672 32 2060
1 688 32 2059
1 704 32 2060
1 720 32 2059
1 736 32 2060
1 752 32 2059
1 768 32 2060
1 784 32 2059
1 800 32 2060
1 816 32 2059
1 832 32 2060
1 848 32 2059
1 864 32 2060
1 880 32 2059
1 896 32 2060
1 912 32 2059
1 928 32 2060
1 944 32 2059
1 960 32 2060
1 976 32 2059
1 992 32 2060
1 1008 32 2059
1 1024 32 2060
1 1040 32 2059
1 1056 32 2060
1 1072 32 2059
1 1088 32 2060
1 1104 32 2059
1 1120 32 2060
1 1136 32 2059
1 1152 32 2060
1 1168 32 2059
1 1184 32 2060
1 1200 32 2059
1 1216 32 2060
1 1232 32 2059
1 1248 32 2060
1 1264 32 2059
1 1280 32 2060
1 1296 32 2059
1 1312 32 2060
1 1328 32 2059
1 1344 32 2060
1 1360 32 2059
1 0 48 2067
1 16 48 2068
1 32 48 2067
1 48 48 2068
1 64 48 2067
1 80 48 2068
1 96 48 2067
1 112 48 2068
1 128 48 2067
1 144 48 2068
1 160 48 2067
1 176 48 2068
1 192 48 2067
1 208 48 2068
1 224 48 2067
1 240 48 2068
1 256 48 2067
1 272 48 2068
1 288 48 2067
1 304 48 2068
1 320 48 2067
1 336 48 2068
1 352 48 2067
1 368 48 2068
1 384 48 2067
1 400 48 2068
1 416 48 2067
1 432 48 2068
1 448 48 2067
1 464 48 2068
1 480 48 2067
1 496 48 2068
1 512 48 2067
1 528 48 2068
1 544 48 2067
1 560 48 2068
1 576 48 2067
1 592 48 2068
1 608 48 2067
1 624 48 2067
1 640 48 2068
1 656 48 2067
1 672 48 2068
1 688 48 2067
1 704 48 2068
1 720 48 2067
1 736 48 2068
1 752 48 2067
1 768 48 2068
1 784 48 2067
1 800 48 2068
1 816 48 2067
1 832 48 2068
1 848 48 2067
1 864 48 2068
1 880 48 2067
1 896 48 2068
1 912 48 2067
1 928 48 2068
1 944 48 2067
1 960 48 2068
1 976 48 2067
1 992 48 2068
1 1008 48 2067
1 1024 48 2068
1 1040 48 2067
1 1056 48 2068
1 1072 48 2067
1 1088 48 2068
1 1104 48 2067
1 1120 48 2068
1 1136 48 2067
1 1152 48 2068
1 1168 48 2067
1 1184 48 2068
1 1200 48 2067
1 1216 48 2068
1 1232 48 2067
1 1248 48 2068
1 1264 48 2067
1 1280 48 2068
1 1296 48 2067
1 1312 48 2068
1 1328 48 2067
1 1344 48 2068
1 1360 48 2067
1 0 64 2059
1 16 64 2060
1 32 64 2059
1 48 64 2060
1 64 64 2059
1 80 64 2060
1 96 64 2059
1 112 64 2060
1 128 64 2059
1 144 64 2060
1 160 64 2059
1 176 64 2060
1 192 64 2059
1 208 64 2060
1 224 64 2059
1 240 64 2060
1 256 64 2059
1 272 64 2060
1 288 64 2059
1 304 64 2060
1 320 64 2059
1 336 64 2060
1 352 64 2059
1 368 64 2060
1 384 64 2059
1 400 64 2060
1 416 64 2059
1 432 64 2060
1 448 64 2059
1 464 64 2060
1 480 64 2059
1 496 64 2060
1 512 64 2059
1 528 64 2060
1 544 64 2059
1 560 64 2060
1 576 64 2059
1 592 64 2060
1 608 64 2059
1 624 64 2059
1 640 64 2060
1 656 64 2059
1 672 64 2060
1 688 64 2059
1 704 64 2060
1 720 64 2059
1 736 64 2060
1 752 64 2059
1 768 64 2060
1 784 64 2059
1 800 64 2060
1 816 64 2059
1 832 64 2060
1 848 64 2059
1 864 64 2060
1 880 64 2059
1 896 64 2060
1 912 64 2059
1 928 64 2060
1 944 64 2059
1 960 64 2060
1 976 64 2059
1 992 64 2060
1 1008 64 2059
1 1024 64 2060
1 1040 64 2059
1 1056 64 2060
1 1072 64 2059
1 1088 64 2060
1 1104 64 2059
1 1120 64 2060
1 1136 64 2059
1 1152 64 2060
1 1168 64 2059
1 1184 64 2060
1 1200 64 2059
1 1216 64 2060
1 1232 64 2059
1 1248 64 2060
1 1264 64 2059
1 1280 64 2060
1 1296 64 2059
1 1312 64 2060
1 1328 64 2059
1 1344 64 2060
1 1360 64 2059
1 0 80 2067
1 16 80 2068
1 32 80 2067
1 48 80 2068
1 64 80 2067
1 80 80 2068
1 96 80 2067
1 112 80 2068
1 128 80 2067
1 144 80 2068
1 160 80 2067
1 176 80 2068
1 192 80 2067
1 208 80 2068
1 224 80 2067
1 240 80 2068
1 256 80 2067
1 272 80 2068
1 288 80 2067
1 304 80 2068
1 320 80 2067
1 336 80 2068
1 352 80 2067
1 368 80 2068
1 384 80 2067
1 400 80 2068
1 416 80 2067
1 432 80 2068
1 448 80 2067
1 464 80 2068
1 480 80 2067
1 496 80 2068
1 512 80 2067
1 528 80 2068
1 544 80 2067
1 560 80 2068
1 576 80 2067
1 592 80 2068
1 608 80 2067
1 624 80 2067
1 640 80 2068
1 656 80 2067
1 672 80 2068
1 688 80 2067
1 704 80 2068
1 720 80 2067
1 736 80 2068
1 752 80 2067
1 768 80 2068
1 784 80 2067
1 800 80 2068
1 816 80 2067
1 832 80 2068
1 848 80 2067
1 864 80 2068
1 880 80 2067
1 896 80 2068
1 912 80 2067
1 928 80 2068
1 944 80 2067
1 960 80 2068
1 976 80 2059
1 992 80 2060
1 1008 80 2059
1 1024 80 2060
1 1040 80 2067
1 1056 80 2068
1 1072 80 2067
1 1088 80 2068
1 1104 80 2067
1 1120 80 2068
1 1136 80 2067
1 1152 80 2068
1 1168 80 2067
1 1184 80 2068
1 1200 80 2067
1 1216 80 2068
1 1232 80 2067
1 1248 80 2068
1 1264 80 2067
1 1280 80 2068
1 1296 80 2067
1 1312 80 2068
1 1328 80 2067
1 1344 80 2068
1 1360 80 2067
1 0 96 2059
1 16 96 2060
1 32 96 2059
1 48 96 2060
1 64 96 2059
1 80 96 2060
1 96 96 2059
1 112 96 2060
1 128 96 2059
1 144 96 2060
1 160 96 2059
1 176 96 2060
1 192 96 2059
1 208 96 2060
1 224 96 2059
1 240 96 2060
1 256 96 2059
1 272 96 2060
1 288 96 2059
1 304 96 2060
1 320 96 2059
1 336 96 2060
1 352 96 2059
1 368 96 2060
1 384 96 2059
1 400 96 2060
1 416 96 2059
1 432 96 2060
1 448 96 2059
1 464 96 2060
1 480 96 2059
1 496 96 2060
1 512 96 2059
1 528 96 2060
1 544 96 2059
1 560 96 2060
1 576 96 2059
1 592 96 2060
1 608 96 2059
1 624 96 2059
1 640 96 2060
1 656 96 2059
1 672 96 2060
1 688 96 2059
1 704 96 2060
1 720 96 2059
1 736 96 2059
1 752 96 2059
1 768 96 2060
1 784 96 2085
1 800 96 2085
1 816 96 2085
1 832 96 2085
1 848 96 2085
1 864 96 2085
1 880 96 2085
1 896 96 2085
1 912 96 2059
1 928 96 2060
1 944 96 2059
1 960 96 2060
1 976 96 2067
1 992 96 2068
1 1008 96 2067
1 1024 96 2068
1 1040 96 2085
1 1056 96 2085
1 1072 96 2085
1 1088 96 2085
1 1104 96 2085
1 1120 96 2085
1 1136 96 2085
1 1152 96 2085
1 1168 96 2085
1 1184 96 2085
1 1200 96 2085
1 1216 96 2085
1 1232 96 2085
1 1248 96 2085
1 1264 96 2059
1 1280 96 2060
1 1296 96 2059
1 1312 96 2060
1 1328 96 2059
1 1344 96 2005
1 1360 96 2015
1 0 112 2067
1 16 112 2068
1 32 112 2067
1 48 112 2068
1 64 112 2067
1 80 112 2068
1 96 112 2067
1 112 112 2068
1 128 112 2067
1 144 112 2068
1 160 112 2067
1 176 112 2068
1 192 112 2067
1 208 112 2068
1 224 112 2067
1 240 112 2068
1 256 112 2067
1 272 112 2068
1 288 112 2067
1 304 112 2068
1 320 112 2067
1 336 112 2068
1 352 112 2067
1 368 112 2068
1 384 112 2067
1 400 112 2068
1 416 112 2067
1 432 112 2068
1 448 112 2067
1 464 112 2068
1 480 112 2067
1 496 112 2068
1 512 112 2067
1 528 112 2068
1 544 112 2067
1 560 112 2068
1 576 112 2067
1 592 112 2068
1 608 112 2067
1 624 112 2067
1 640 112 2068
1 656 112 2067
1 672 112 2068
1 688 112 2067
1 704 112 2059
1 720 112 2060
1 736 112 2059
1 752 112 2067
1 768 112 2068
1 784 112 2085
1 800 112 2009
1 816 112 2009
1 832 112 2009
1 848 112 2044
1 864 112 2009
1 880 112 2009
1 896 112 2085
1 912 112 2067
1 928 112 2068
1 944 112 2067
1 960 112 2068
1 976 112 2059
1 992 112 2060
1 1008 112 2059
1 1024 112 2060
1 1040 112 2085
1 1056 112 2009
1 1072 112 2009
1 1088 112 2009
1 1104 112 2044
1 1120 112 2009
1 1136 112 2009
1 1152 112 2009
1 1168 112 2044
1 1184 112 2009
1 1200 112 2009
1 1216 112 2009
1 1232 112 2044
1 1248 112 2085
1 1264 112 2067
1 1280 112 2068
1 1296 112 2067
1 1312 112 2068
1 1328 112 2067
1 1344 112 2014
1 1360 112 2015
1 0 128 2059
1 16 128 2060
1 32 128 2059
1 48 128 2060
1 64 128 2059
1 80 128 2060
1 96 128 2059
1 112 128 2060
1 128 128 2059
1 144 128 2060
1 160 128 2059
1 176 128 2060
1 192 128 2059
1 208 128 2060
1 224 128 2059
1 240 128 2060
1 256 128 2059
1 272 128 2060
1 288 128 2059
1 304 128 2060
1 320 128 2059
1 336 128 2060
1 352 128 2059
1 368 128 2060
1 384 128 2059
1 400 128 2060
1 416 128 2059
1 432 128 2060
1 448 128 2059
1 464 128 2060
1 480 128 2059
1 496 128 2060
1 512 128 2059
1 528 128 2060
1 544 128 2059
1 560 128 2060
1 576 128 2059
1 592 128 2060
1 608 128 2059
1 624 128 2059
1 640 128 2060
1 656 128 2059
1 672 128 2060
1 688 128 2059
1 704 128 2067
1 720 128 2068
1 736 128 2067
1 752 128 2085
1 768 128 2085
1 784 128 2085
1 800 128 2051
1 816 128 2051
1 832 128 2051
1 848 128 2051
1 864 128 2051
1 880 128 2051
1 896 128 2085
1 912 128 2059
1 928 128 2060
1 944 128 2059
1 960 128 2060
1 976 128 2059
1 992 128 2060
1 1008 128 2085
1 1024 128 2085
1 1040 128 2085
1 1056 128 2051
1 1072 128 2051
1 1088 128 2051
1 1104 128 2051
1 1120 128 2051
1 1136 128 2051
1 1152 128 2051
1 1168 128 2051
1 1184 128 2051
1 1200 128 2051
1 1216 128 2051
1 1232 128 2051
1 1248 128 2085
1 1264 128 2085
1 1280 128 2085
1 1296 128 2059
1 1312 128 2060
1 1328 128 2059
1 1344 128 2005
1 1360 128 2015
1 0 144 2067
1 16 144 2068
1 32 144 2067
1 48 144 2068
1 64 144 2067
1 80 144 2068
1 96 144 2067
1 112 144 2068
1 128 144 2067
1 144 144 2068
1 160 144 2067
1 176 144 2068
1 192 144 2067
1 208 144 2068
1 224 144 2067
1 240 144 2068
1 256 144 2067
1 272 144 2068
1 288 144 2067
1 304 144 2068
1 320 144 2067
1 336 144 2068
1 352 144 2067
1 368 144 2068
1 384 144 2067
1 400 144 2068
1 416 144 2067
1 432 144 2068
1 448 144 2067
1 464 144 2068
1 480 144 2067
1 496 144 2068
1 512 144 2067
1 528 144 2068
1 544 144 2067
1 560 144 2068
1 576 144 2067
1 592 144 2068
1 608 144 2067
1 624 144 2067
1 640 144 2068
1 656 144 2067
1 672 144 2068
1 688 144 2067
1 704 144 2059
1 720 144 2060
1 736 144 2059
1 752 144 2085
1 768 144 2009
1 784 144 2009
1 800 144 2009
1 816 144 2044
1 832 144 2009
1 848 144 2009
1 864 144 2009
1 880 144 2044
1 896 144 2085
1 912 144 2067
1 928 144 2068
1 944 144 2067
1 960 144 2068
1 976 144 2067
1 992 144 2068
1 1008 144 2085
1 1024 144 2009
1 1040 144 2009
1 1056 144 2009
1 1072 144 2044
1 1088 144 2009
1 1104 144 2009
1 1120 144 2009
1 1136 144 2044
1 1152 144 2009
1 1168 144 2009
1 1184 144 2009
1 1200 144 2044
1 1216 144 2009
1 1232 144 2009
1 1248 144 2009
1 1264 144 2044
1 1280 144 2085
1 1296 144 2067
1 1312 144 2068
1 1328 144 2067
1 1344 144 2014
1 1360 144 2015
1 0 160 2059
1 16 160 2060
1 32 160 2059
1 48 160 2060
1 64 160 2059
1 80 160 2060
1 96 160 2059
1 112 160 2060
1 128 160 2059
1 144 160 2060
1 160 160 2059
1 176 160 2060
1 192 160 2059
1 208 160 2060
1 224 160 2059
1 240 160 2060
1 256 160 2059
1 272 160 2060
1 288 160 2059
1 304 160 2060
1 320 160 2059
1 336 160 2060
1 352 160 2059
1 368 160 2060
1 384 160 2059
1 400 160 2060
1 416 160 2059
1 432 160 2060
1 448 160 2059
1 464 160 2060
1 480 160 2059
1 496 160 2060
1 512 160 2059
1 528 160 2060
1 544 160 2059
1 560 160 2060
1 576 160 2059
1 592 160 2060
1 608 160 2059
1 624 160 2059
1 640 160 2060
1 656 160 2059
1 672 160 2060
1 688 160 2085
1 704 160 2085
1 720 160 2085
1 736 160 2085
1 752 160 2085
1 768 160 2051
1 784 160 2051
1 800 160 2051
1 816 160 2051
1 832 160 2051
1 848 160 2051
1 864 160 2051
1 880 160 2051
1 896 160 2085
1 912 160 2085
1 928 160 2085
1 944 160 2085
1 960 160 2085
1 976 160 2085
1 992 160 2085
1 1008 160 2085
1 1024 160 2051
1 1040 160 2051
1 1056 160 2051
1 1072 160 2051
1 1088 160 2051
1 1104 160 2051
1 1120 160 2051
1 1136 160 2051
1 1152 160 2051
1 1168 160 2051
1 1184 160 2051
1 1200 160 2051
1 1216 160 2051
1 1232 160 2051
1 1248 160 2051
1 1264 160 2051
1 1280 160 2085
1 1296 160 2085
1 1312 160 2085
1 1328 160 2059
1 1344 160 2005
1 1360 160 2015
1 0 176 2067
1 16 176 2068
1 32 176 2067
1 48 176 2068
1 64 176 2067
1 80 176 2068
1 96 176 2067
1 112 176 2068
1 128 176 2067
1 144 176 2068
1 160 176 2067
1 176 176 2068
1 192 176 2067
1 208 176 2068
1 224 176 2067
1 240 176 2068
1 256 176 2067
1 272 176 2068
1 288 176 2067
1 304 176 2068
1 320 176 2067
1 336 176 2068
1 352 176 2067
1 368 176 2068
1 384 176 2067
1 400 176 2068
1 416 176 2067
1 432 176 2068
1 448 176 2067
1 464 176 2068
1 480 176 2067
1 496 176 2068
1 512 176 2067
1 528 176 2068
1 544 176 2067
1 560 176 2068
1 576 176 2067
1 592 176 2068
1 608 176 2067
1 624 176 2067
1 640 176 2068
1 656 176 2067
1 672 176 2068
1 688 176 2085
1 704 176 2009
1 720 176 2009
1 736 176 2009
1 752 176 2044
1 768 176 2009
1 784 176 2043
1 800 176 2009
1 816 176 2043
1 832 176 2009
1 848 176 2043
1 864 176 2009
1 880 176 2043
1 896 176 2009
1 912 176 2009
1 928 176 2009
1 944 176 2009
1 960 176 2009
1 976 176 2009
1 992 176 2009
1 1008 176 2009
1 1024 176 2009
1 1040 176 2043
1 1056 176 2009
1 1072 176 2043
1 1088 176 2009
1 1104 176 2043
1 1120 176 2009
1 1136 176 2043
1 1152 176 2009
1 1168 176 2043
1 1184 176 2009
1 1200 176 2043
1 1216 176 2009
1 1232 176 2043
1 1248 176 2009
1 1264 176 2043
1 1280 176 2009
1 1296 176 2009
1 1312 176 2085
1 1328 176 2067
1 1344 176 2014
1 1360 176 2015
1 0 192 2059
1 16 192 2060
1 32 192 2059
1 48 192 2060
1 64 192 2059
1 80 192 2060
1 96 192 2059
1 112 192 2060
1 128 192 2059
1 144 192 2060
1 160 192 2059
1 176 192 2060
1 192 192 2059
1 208 192 2060
1 224 192 2059
1 240 192 2060
1 256 192 2059
1 272 192 2060
1 288 192 2059
1 304 192 2060
1 320 192 2059
1 336 192 2060
1 352 192 2059
1 368 192 2060
1 384 192 2059
1 400 192 2060
1 416 192 2059
1 432 192 2060
1 448 192 2059
1 464 192 2060
1 480 192 2059
1 496 192 2060
1 512 192 2059
1 528 192 2060
1 544 192 2059
1 560 192 2060
1 576 192 2059
1 592 192 2060
1 608 192 2059
1 624 192 2059
1 640 192 2060
1 656 192 2059
1 672 192 2060
1 688 192 2085
1 704 192 2009
1 720 192 2009
1 736 192 2009
1 752 192 2044
1 768 192 2009
1 784 192 2009
1 800 192 2009
1 816 192 2044
1 832 192 2009
1 848 192 2009
1 864 192 2009
1 880 192 2044
1 896 192 2009
1 912 192 2009
1 928 192 2009
1 944 192 2044
1 960 192 2009
1 976 192 2009
1 992 192 2009
1 1008 192 2044
1 1024 192 2009
1 1040 192 2009
1 1056 192 2009
1 1072 192 2009
1 1088 192 2009
1 1104 192 2009
1 1120 192 2044
1 1136 192 2009
1 1152 192 2009
1 1168 192 2009
1 1184 192 2044
1 1200 192 2009
1 1216 192 2009
1 1232 192 2009
1 1248 192 2044
1 1264 192 2009
1 1280 192 2051
1 1296 192 2051
1 1312 192 2085
1 1328 192 2085
1 1344 192 2005
1 1360 192 2015
1 0 208 2067
1 16 208 2068
1 32 208 2067
1 48 208 2068
1 64 208 2067
1 80 208 2068
1 96 208 2067
1 112 208 2068
1 128 208 2067
1 144 208 2068
1 160 208 2067
1 176 208 2068
1 192 208 2067
1 208 208 2068
1 224 208 2067
1 240 208 2068
1 256 208 2067
1 272 208 2068
1 288 208 2067
1 304 208 2068
1 320 208 2067
1 336 208 2068
1 352 208 2067
1 368 208 2068
1 384 208 2067
1 400 208 2068
1 416 208 2067
1 432 208 2068
1 448 208 2067
1 464 208 2068
1 480 208 2067
1 496 208 2068
1 512 208 2067
1 528 208 2068
1 544 208 2067
1 560 208 2068
1 576 208 2067
1 592 208 2068
1 608 208 2067
1 624 208 2067
1 640 208 2068
1 656 208 2067
1 672 208 2068
1 688 208 2085
1 704 208 2051
1 720 208 2051
1 736 208 2051
1 752 208 2051
1 768 208 2051
1 784 208 2051
1 800 208 2051
1 816 208 2051
1 832 208 2051
1 848 208 2051
1 864 208 2051
1 880 208 2051
1 896 208 2051
1 912 208 2051
1 928 208 2051
1 944 208 2051
1 960 208 2051
1 976 208 2051
1 992 208 2051
1 1008 208 2051
1 1024 208 2051
1 1040 208 2051
1 1056 208 2051
1 1072 208 2051
1 1088 208 2051
1 1104 208 2051
1 1120 208 2051
1 1136 208 2051
1 1152 208 2051
1 1168 208 2051
1 1184 208 2051
1 1200 208 2051
1 1216 208 2051
1 1232 208 2051
1 1248 208 2051
1 1264 208 2051
1 1280 208 2051
1 1296 208 2051
1 1312 208 2016
1 1328 208 2017
1 1344 208 2018
1 1360 208 2018
1 0 224 2059
1 16 224 2060
1 32 224 2059
1 48 224 2060
1 64 224 2059
1 80 224 2060
1 96 224 2059
1 112 224 2060
1 128 224 2059
1 144 224 2060
1 160 224 2059
1 176 224 2060
1 192 224 2059
1 208 224 2060
1 224 224 2059
1 240 224 2060
1 256 224 2059
1 272 224 2060
1 288 224 2059
1 304 224 2060
1 320 224 2059
1 336 224 2060
1 352 224 2059
1 368 224 2060
1 384 224 2059
1 400 224 2060
1 416 224 2059
1 432 224 2060
1 448 224 2059
1 464 224 2060
1 480 224 2059
1 496 224 2060
1 512 224 2059
1 528 224 2060
1 544 224 2059
1 560 224 2060
1 576 224 2059
1 592 224 2060
1 608 224 2059
1 624 224 2059
1 640 224 2060
1 656 224 2085
1 672 224 2085
1 688 224 2085
1 704 224 2009
1 720 224 2043
1 736 224 2009
1 752 224 2043
1 768 224 2009
1 784 224 2043
1 800 224 2009
1 816 224 2043
1 832 224 2009
1 848 224 2043
1 864 224 2009
1 880 224 2043
1 896 224 2009
1 912 224 2043
1 928 224 2009
1 944 224 2043
1 960 224 2009
1 976 224 2043
1 992 224 2009
1 1008 224 2043
1 1024 224 2009
1 1040 224 2043
1 1056 224 2009
1 1072 224 2009
1 1088 224 2043
1 1104 224 2009
1 1120 224 2043
1 1136 224 2009
1 1152 224 2043
1 1168 224 2009
1 1184 224 2043
1 1200 224 2009
1 1216 224 2043
1 1232 224 2009
1 1248 224 2043
1 1264 224 2009
1 1280 224 2043
1 1296 224 2009
1 1312 224 2024
1 1328 224 2025
1 1344 224 2026
1 1360 224 2026
1 0 240 2067
1 16 240 2068
1 32 240 2067
1 48 240 2068
1 64 240 2067
1 80 240 2068
1 96 240 2067
1 112 240 2068
1 128 240 2067
1 144 240 2068
1 160 240 2067
1 176 240 2068
1 192 240 2067
1 208 240 2068
1 224 240 2067
1 240 240 2068
1 256 240 2067
1 272 240 2068
1 288 240 2067
1 304 240 2068
1 320 240 2067
1 336 240 2068
1 352 240 2067
1 368 240 2068
1 384 240 2067
1 400 240 2068
1 416 240 2067
1 432 240 2068
1 448 240 2067
1 464 240 2068
1 480 240 2067
1 496 240 2068
1 512 240 2067
1 528 240 2068
1 544 240 2067
1 560 240 2068
1 576 240 2067
1 592 240 2068
1 608 240 2067
1 624 240 2067
1 640 240 2068
2 656 240 2085
1 672 240 2009
1 688 240 2009
1 704 240 2009
1 720 240 2044
1 736 240 2009
1 752 240 2009
1 768 240 2009
1 784 240 2044
1 800 240 2009
1 816 240 2009
1 832 240 2009
1 848 240 2044
1 864 240 2009
1 880 240 2009
1 896 240 2009
1 912 240 2075
1 928 240 2076
1 944 240 2075
1 960 240 2076
1 976 240 2075
1 992 240 2076
1 1008 240 2009
1 1024 240 2009
1 1040 240 2009
1 1056 240 2044
1 1072 240 2009
1 1088 240 2009
1 1104 240 2009
1 1120 240 2044
1 1136 240 2009
1 1152 240 2009
1 1168 240 2009
2 1184 240 2085
2 1200 240 2085
2 1216 240 2085
2 1232 240 2085
2 1248 240 2085
2 1264 240 2085
2 1280 240 2085
2 1296 240 2085
2 1312 240 2085
2 1328 240 2085
1 1344 240 2014
1 1360 240 2015
1 0 256 2059
1 16 256 2060
1 32 256 2059
1 48 256 2060
1 64 256 2059
1 80 256 2060
1 96 256 2059
1 112 256 2060
1 128 256 2059
1 144 256 2060
1 160 256 2059
1 176 256 2060
1 192 256 2059
1 208 256 2060
1 224 256 2059
1 240 256 2060
1 256 256 2059
1 272 256 2060
1 288 256 2059
1 304 256 2060
1 320 256 2059
1 336 256 2060
1 352 256 2059
1 368 256 2060
1 384 256 2059
1 400 256 2060
1 416 256 2059
1 432 256 2060
1 448 256 2059
1 464 256 2060
1 480 256 2059
1 496 256 2060
1 512 256 2059
1 528 256 2060
1 544 256 2059
1 560 256 2060
1 576 256 2059
1 592 256 2060
1 608 256 2059
2 624 256 2085
2 640 256 2085
2 656 256 2085
1 672 256 2051
1 688 256 2051
1 704 256 2051
1 720 256 2051
1 736 256 2051
1 752 256 2051
1 768 256 2051
1 784 256 2051
1 800 256 2051
1 816 256 2051
1 832 256 2051
1 848 256 2051
1 864 256 2051
1 880 256 2051
1 896 256 2051
1 912 256 2083
1 928 256 2084
1 944 256 2083
1 960 256 2084
1 976 256 2083
1 992 256 2084
1 1008 256 2051
1 1024 256 2051
1 1040 256 2051
1 1056 256 2051
1 1072 256 2051
1 1088 256 2051
1 1104 256 2051
1 1120 256 2051
1 1136 256 2051
1 1152 256 2051
1 1168 256 2051
2 1184 256 2085
1 1200 256 2059
1 1216 256 2060
1 1232 256 2059
1 1248 256 2060
1 1264 256 2059
1 1280 256 2060
1 1296 256 2059
1 1312 256 2060
1 1328 256 2059
1 1344 256 2014
1 1360 256 2015
1 0 272 2067
1 16 272 2068
1 32 272 2067
1 48 272 2068
1 64 272 2067
1 80 272 2068
1 96 272 2067
1 112 272 2068
1 128 272 2067
1 144 272 2068
1 160 272 2067
1 176 272 2068
1 192 272 2067
1 208 272 2068
1 224 272 2067
1 240 272 2068
1 256 272 2067
1 272 272 2068
1 288 272 2067
1 304 272 2068
1 320 272 2067
1 336 272 2068
1 352 272 2067
1 368 272 2068
1 384 272 2067
1 400 272 2068
1 416 272 2067
1 432 272 2068
1 448 272 2067
1 464 272 2068
1 480 272 2067
1 496 272 2068
1 512 272 2067
1 528 272 2068
1 544 272 2067
1 560 272 2068
1 576 272 2067
1 592 272 2068
1 608 272 2067
2 624 272 2085
1 640 272 2009
1 656 272 2043
1 672 272 2009
1 688 272 2043
1 704 272 2009
1 720 272 2043
1 736 272 2009
1 752 272 2043
1 768 272 2009
1 784 272 2043
1 800 272 2009
1 816 272 2043
1 832 272 2009
1 848 272 2043
1 864 272 2009
1 880 272 2043
1 896 272 2075
1 912 272 2076
1 928 272 2075
1 944 272 2076
1 960 272 2075
1 976 272 2076
1 992 272 2075
1 1008 272 2076
1 1024 272 2009
1 1040 272 2009
1 1056 272 2009
1 1072 272 2009
1 1088 272 2009
1 1104 272 2009
1 1120 272 2009
1 1136 272 2009
2 1152 272 2085
2 1168 272 2085
2 1184 272 2085
1 1200 272 2067
1 1216 272 2068
1 1232 272 2067
1 1248 272 2068
1 1264 272 2067
1 1280 272 2068
1 1296 272 2067
1 1312 272 2068
1 1328 272 2067
1 1344 272 2005
1 1360 272 2015
1 0 288 2059
1 16 288 2060
1 32 288 2059
1 48 288 2060
1 64 288 2059
1 80 288 2060
1 96 288 2059
1 112 288 2059
1 128 288 2060
2 144 288 2085
2 160 288 2085
2 176 288 2085
2 192 288 2085
2 208 288 2085
2 224 288 2085
2 240 288 2085
2 256 288 2085
2 272 288 2085
2 288 288 2085
2 304 288 2085
2 320 288 2085
2 336 288 2085
2 352 288 2085
2 368 288 2085
2 384 288 2085
2 400 288 2085
2 416 288 2085
2 432 288 2085
2 448 288 2085
2 464 288 2085
2 480 288 2085
2 496 288 2085
2 512 288 2085
2 528 288 2085
2 544 288 2085
2 560 288 2085
2 576 288 2085
2 592 288 2085
2 608 288 2085
2 624 288 2085
1 640 288 2043
1 656 288 2043
1 672 288 2009
1 688 288 2043
1 704 288 2043
1 720 288 2043
1 736 288 2009
1 752 288 2043
1 768 288 2043
1 784 288 2043
1 800 288 2009
1 816 288 2043
1 832 288 2043
1 848 288 2043
1 864 288 2009
1 880 288 2043
1 896 288 2083
1 912 288 2084
1 928 288 2083
1 944 288 2084
1 960 288 2083
1 976 288 2084
1 992 288 2083
1 1008 288 2084
1 1024 288 2009
1 1040 288 2009
1 1056 288 2009
1 1072 288 2009
1 1088 288 2009
1 1104 288 2009
1 1120 288 2009
1 1136 288 2009
2 1152 288 2085
1 1168 288 2059
1 1184 288 2060
1 1200 288 2059
1 1216 288 2060
1 1232 288 2059
1 1248 288 2060
1 1264 288 2059
1 1280 288 2060
1 1296 288 2059
1 1312 288 2060
1 1328 288 2059
1 1344 288 2014
1 1360 288 2015
1 0 304 2067
1 16 304 2068
1 32 304 2067
1 48 304 2068
1 64 304 2067
1 80 304 2068
1 96 304 2067
1 112 304 2067
1 128 304 2068
2 144 304 2085
1 160 304 2009
1 176 304 2009
1 192 304 2009
1 208 304 2044
1 224 304 2009
1 240 304 2009
1 256 304 2009
1 272 304 2044
1 288 304 2009
1 304 304 2009
1 320 304 2009
1 336 304 2009
1 352 304 2009
1 368 304 2009
1 384 304 2009
1 400 304 2044
1 416 304 2009
1 432 304 2009
1 448 304 2009
1 464 304 2044
1 480 304 2009
1 496 304 2009
1 512 304 2009
1 528 304 2044
1 544 304 2009
1 560 304 2009
1 576 304 2009
1 592 304 2044
1 608 304 2009
1 624 304 2009
1 640 304 2009
1 656 304 2044
1 672 304 2009
1 688 304 2009
1 704 304 2009
1 720 304 2044
1 736 304 2009
1 752 304 2009
1 768 304 2009
1 784 304 2044
2 800 304 2085
2 816 304 2085
2 832 304 2085
2 848 304 2085
2 864 304 2085
2 880 304 2085
2 896 304 2085
2 912 304 2085
2 928 304 2085
2 944 304 2085
2 960 304 2085
2 976 304 2085
2 992 304 2085
2 1008 304 2085
2 1024 304 2085
2 1040 304 2085
2 1056 304 2085
2 1072 304 2085
2 1088 304 2085
2 1104 304 2085
2 1120 304 2085
2 1136 304 2085
2 1152 304 2085
1 1168 304 2067
1 1184 304 2068
1 1200 304 2067
1 1216 304 2068
1 1232 304 2067
1 1248 304 2068
1 1264 304 2067
1 1280 304 2068
1 1296 304 2067
1 1312 304 2068
1 1328 304 2067
1 1344 304 2005
1 1360 304 2015
1 0 320 2059
1 16 320 2060
1 32 320 2059
1 48 320 2060
1 64 320 2059
1 80 320 2060
1 96 320 2059
2 112 320 2085
2 128 320 2085
2 144 320 2085
1 160 320 2051
1 176 320 2051
1 192 320 2051
1 208 320 2051
1 224 320 2051
1 240 320 2051
1 256 320 2051
1 272 320 2051
1 288 320 2051
1 304 320 2051
1 320 320 2051
1 336 320 2051
1 352 320 2051
1 368 320 2051
1 384 320 2051
1 400 320 2051
1 416 320 2051
1 432 320 2051
1 448 320 2051
1 464 320 2051
1 480 320 2051
1 496 320 2051
1 512 320 2051
1 528 320 2051
1 544 320 2051
1 560 320 2051
1 576 320 2051
1 592 320 2051
1 608 320 2051
1 624 320 2051
1 640 320 2051
1 656 320 2051
1 672 320 2051
1 688 320 2051
1 704 320 2051
1 720 320 2051
1 736 320 2051
1 752 320 2051
1 768 320 2051
1 784 320 2051
2 800 320 2085
1 816 320 2059
1 832 320 2060
1 848 320 2059
1 864 320 2060
1 880 320 2059
1 896 320 2060
1 912 320 2059
1 928 320 2060
1 944 320 2059
1 960 320 2060
1 976 320 2059
1 992 320 2060
1 1008 320 2059
1 1024 320 2060
1 1040 320 2059
1 1056 320 2060
1 1072 320 2059
1 1088 320 2060
1 1104 320 2059
1 1120 320 2060
1 1136 320 2059
1 1152 320 2060
1 1168 320 2059
1 1184 320 2060
1 1200 320 2059
1 1216 320 2060
1 1232 320 2059
1 1248 320 2060
1 1264 320 2059
1 1280 320 2060
1 1296 320 2059
1 1312 320 2060
1 1328 320 2059
1 1344 320 2014
1 1360 320 2015
1 0 336 2067
1 16 336 2068
1 32 336 2067
1 48 336 2068
1 64 336 2067
1 80 336 2068
1 96 336 2067
2 112 336 2085
1 128 336 2009
1 144 336 2043
1 160 336 2009
1 176 336 2043
1 192 336 2009
1 208 336 2043
1 224 336 2009
1 240 336 2043
1 256 336 2009
1 272 336 2043
1 288 336 2009
1 304 336 2043
1 320 336 2075
1 336 336 2076
1 352 336 2009
1 368 336 2043
1 384 336 2009
1 400 336 2043
1 416 336 2009
1 432 336 2043
1 448 336 2009
1 464 336 2043
1 480 336 2009
1 496 336 2043
1 512 336 2009
1 528 336 2043
1 544 336 2009
1 560 336 2043
1 576 336 2009
1 592 336 2043
1 608 336 2009
1 624 336 2043
1 640 336 2009
1 656 336 2043
1 672 336 2009
1 688 336 2043
1 704 336 2009
1 720 336 2043
1 736 336 2009
1 752 336 2043
2 768 336 2085
2 784 336 2085
2 800 336 2085
1 816 336 2067
1 832 336 2068
1 848 336 2067
1 864 336 2068
1 880 336 2067
1 896 336 2068
1 912 336 2067
1 928 336 2068
1 944 336 2067
1 960 336 2068
1 976 336 2067
1 992 336 2068
1 1008 336 2067
1 1024 336 2068
1 1040 336 2067
1 1056 336 2068
1 1072 336 2067
1 1088 336 2068
1 1104 336 2067
1 1120 336 2068
1 1136 336 2067
1 1152 336 2068
1 1168 336 2067
1 1184 336 2068
1 1200 336 2067
1 1216 336 2068
1 1232 336 2067
1 1248 336 2068
1 1264 336 2067
1 1280 336 2068
1 1296 336 2067
1 1312 336 2068
1 1328 336 2067
1 1344 336 2005
1 1360 336 2015
1 0 352 2059
1 16 352 2060
1 32 352 2059
1 48 352 2060
1 64 352 2059
1 80 352 2060
1 96 352 2059
2 112 352 2085
1 128 352 2009
1 144 352 2043
1 160 352 2043
1 176 352 2043
1 192 352 2043
1 208 352 2043
1 224 352 2009
1 240 352 2043
1 256 352 2043
1 272 352 2043
1 288 352 2009
1 304 352 2043
1 320 352 2083
1 336 352 2084
1 352 352 2009
1 368 352 2043
1 384 352 2043
1 400 352 2043
1 416 352 2009
1 432 352 2043
1 448 352 2043
1 464 352 2043
1 480 352 2009
1 496 352 2043
1 512 352 2043
1 528 352 2043
1 544 352 2009
1 560 352 2043
1 576 352 2043
1 592 352 2043
1 608 352 2009
1 624 352 2043
1 640 352 2043
1 656 352 2043
1 672 352 2009
1 688 352 2043
1 704 352 2043
1 720 352 2043
1 736 352 2009
1 752 352 2043
2 768 352 2085
1 784 352 2059
1 800 352 2060
2 816 352 2085
2 832 352 2085
2 848 352 2085
2 864 352 2085
2 880 352 2085
2 896 352 2085
2 912 352 2085
2 928 352 2085
2 944 352 2085
2 960 352 2085
2 976 352 2085
2 992 352 2085
2 1008 352 2085
2 1024 352 2085
2 1040 352 2085
2 1056 352 2085
2 1072 352 2085
2 1088 352 2085
2 1104 352 2085
2 1120 352 2085
2 1136 352 2085
2 1152 352 2085
2 1168 352 2085
2 1184 352 2085
2 1200 352 2085
2 1216 352 2085
2 1232 352 2085
2 1248 352 2085
1 1264 352 2059
1 1280 352 2060
1 1296 352 2059
1 1312 352 2060
1 1328 352 2059
1 1344 352 2014
1 1360 352 2015
1 0 368 2067
1 16 368 2068
1 32 368 2067
1 48 368 2068
1 64 368 2067
1 80 368 2068
1 96 368 2067
2 112 368 2085
1 128 368 2009
1 144 368 2009
1 160 368 2009
1 176 368 2044
1 192 368 2009
1 208 368 2009
1 224 368 2009
1 240 368 2044
2 256 368 2085
2 272 368 2085
2 288 368 2085
2 304 368 2085
2 320 368 2085
2 336 368 2085
2 352 368 2085
2 368 368 2085
2 384 368 2085
2 400 368 2085
2 416 368 2085
2 432 368 2085
1 448 368 2009
1 464 368 2009
1 480 368 2009
1 496 368 2044
1 512 368 2009
1 528 368 2009
1 544 368 2009
1 560 368 2044
1 576 368 2009
1 592 368 2009
1 608 368 2009
1 624 368 2044
1 640 368 2009
1 656 368 2009
2 672 368 2085
2 688 368 2085
2 704 368 2085
2 720 368 2085
2 736 368 2085
2 752 368 2085
2 768 368 2085
1 784 368 2067
1 800 368 2068
2 816 368 2085
1 832 368 2009
1 848 368 2009
1 864 368 2009
1 880 368 2044
1 896 368 2009
1 912 368 2009
1 928 368 2009
1 944 368 2044
1 960 368 2009
1 976 368 2009
1 992 368 2009
1 1008 368 2044
1 1024 368 2009
1 1040 368 2009
1 1056 368 2009
1 1072 368 2044
1 1088 368 2009
1 1104 368 2009
1 1120 368 2009
1 1136 368 2044
1 1152 368 2009
1 1168 368 2009
1 1184 368 2009
1 1200 368 2044
1 1216 368 2009
1 1232 368 2009
2 1248 368 2085
1 1264 368 2067
1 1280 368 2068
1 1296 368 2067
1 1312 368 2068
1 1328 368 2067
1 1344 368 2005
1 1360 368 2015
1 0 384 2059
1 16 384 2060
1 32 384 2059
1 48 384 2060
1 64 384 2059
1 80 384 2060
1 96 384 2059
2 112 384 2085
1 128 384 2051
1 144 384 2051
1 160 384 2051
1 176 384 2051
1 192 384 2051
1 208 384 2051
1 224 384 2051
1 240 384 2051
2 256 384 2085
1 272 384 2059
1 288 384 2060
1 304 384 2059
1 320 384 2060
1 336 384 2059
1 352 384 2060
1 368 384 2059
1 384 384 2060
1 400 384 2059
1 416 384 2060
2 432 384 2085
1 448 384 2051
1 464 384 2051
1 480 384 2051
1 496 384 2051
1 512 384 2051
1 528 384 2051
1 544 384 2051
1 560 384 2051
1 576 384 2051
1 592 384 2051
1 608 384 2051
1 624 384 2051
1 640 384 2051
1 656 384 2051
2 672 384 2085
1 688 384 2059
1 704 384 2060
1 720 384 2059
1 736 384 2060
1 752 384 2059
1 768 384 2060
2 784 384 2085
2 800 384 2085
2 816 384 2085
1 832 384 2051
1 848 384 2051
1 864 384 2051
1 880 384 2051
1 896 384 2051
1 912 384 2051
1 928 384 2051
1 944 384 2051
1 960 384 2051
1 976 384 2051
1 992 384 2051
1 1008 384 2051
1 1024 384 2051
1 1040 384 2051
1 1056 384 2051
1 1072 384 2051
1 1088 384 2051
1 1104 384 2051
1 1120 384 2051
1 1136 384 2051
1 1152 384 2051
1 1168 384 2051
1 1184 384 2051
1 1200 384 2051
1 1216 384 2051
1 1232 384 2051
2 1248 384 2085
2 1264 384 2085
2 1280 384 2085
1 1296 384 2059
1 1312 384 2060
1 1328 384 2059
1 1344 384 2014
1 1360 384 2015
1 0 400 2067
1 16 400 2068
1 32 400 2067
1 48 400 2068
1 64 400 2067
1 80 400 2068
1 96 400 2067
2 112 400 2085
1 128 400 2009
1 144 400 2043
1 160 400 2009
1 176 400 2043
1 192 400 2009
1 208 400 2043
1 224 400 2009
1 240 400 2043
2 256 400 2085
1 272 400 2067
1 288 400 2068
1 304 400 2067
1 320 400 2068
1 336 400 2067
1 352 400 2068
1 368 400 2067
1 384 400 2068
1 400 400 2067
1 416 400 2068
2 432 400 2085
1 448 400 2009
1 464 400 2043
1 480 400 2009
1 496 400 2043
1 512 400 2075
1 528 400 2076
1 544 400 2009
1 560 400 2009
1 576 400 2075
1 592 400 2076
1 608 400 2009
1 624 400 2009
2 640 400 2085
2 656 400 2085
2 672 400 2085
1 688 400 2067
1 704 400 2068
1 720 400 2067
1 736 400 2068
1 752 400 2067
1 768 400 2068
2 784 400 2085
1 800 400 2009
1 816 400 2043
1 832 400 2009
1 848 400 2043
1 864 400 2009
1 880 400 2043
1 896 400 2009
1 912 400 2043
1 928 400 2009
1 944 400 2043
1 960 400 2009
1 976 400 2043
1 992 400 2009
1 1008 400 2043
1 1024 400 2009
1 1040 400 2043
1 1056 400 2009
1 1072 400 2043
1 1088 400 2009
1 1104 400 2043
1 1120 400 2009
1 1136 400 2043
1 1152 400 2009
1 1168 400 2043
1 1184 400 2009
1 1200 400 2043
1 1216 400 2009
1 1232 400 2043
1 1248 400 2009
1 1264 400 2043
2 1280 400 2085
1 1296 400 2067
1 1312 400 2068
1 1328 400 2067
1 1344 400 2005
1 1360 400 2015
1 0 416 2059
1 16 416 2060
1 32 416 2059
1 48 416 2060
1 64 416 2059
1 80 416 2060
1 96 416 2059
2 112 416 2085
1 128 416 2009
1 144 416 2043
1 160 416 2043
1 176 416 2043
1 192 416 2009
1 208 416 2043
1 224 416 2043
1 240 416 2043
2 256 416 2085
2 272 416 2085
2 288 416 2085
2 304 416 2085
2 320 416 2085
2 336 416 2085
2 352 416 2085
2 368 416 2085
2 384 416 2085
1 400 416 2059
1 416 416 2060
2 432 416 2085
1 448 416 2009
1 464 416 2043
1 480 416 2043
1 496 416 2043
1 512 416 2083
1 528 416 2084
1 544 416 2051
1 560 416 2051
1 576 416 2083
1 592 416 2084
1 608 416 2051
1 624 416 2051
2 640 416 2085
1 656 416 2059
1 672 416 2060
2 688 416 2085
2 704 416 2085
2 720 416 2085
2 736 416 2085
2 752 416 2085
2 768 416 2085
2 784 416 2085
1 800 416 2009
1 816 416 2043
1 832 416 2043
1 848 416 2043
1 864 416 2009
1 880 416 2043
1 896 416 2043
1 912 416 2043
1 928 416 2009
1 944 416 2043
1 960 416 2043
1 976 416 2043
1 992 416 2009
1 1008 416 2043
1 1024 416 2043
1 1040 416 2043
1 1056 416 2009
1 1072 416 2043
1 1088 416 2043
1 1104 416 2043
1 1120 416 2009
1 1136 416 2043
1 1152 416 2043
1 1168 416 2043
1 1184 416 2009
1 1200 416 2043
1 1216 416 2043
1 1232 416 2043
1 1248 416 2009
1 1264 416 2043
2 1280 416 2085
2 1296 416 2085
2 1312 416 2085
1 1328 416 2059
1 1344 416 2060
1 1360 416 2015
1 0 432 2067
1 16 432 2068
1 32 432 2067
1 48 432 2068
1 64 432 2067
1 80 432 2068
1 96 432 2067
2 112 432 2085
2 128 432 2085
2 144 432 2085
1 160 432 2009
1 176 432 2009
1 192 432 2009
1 208 432 2044
1 224 432 2009
1 240 432 2009
1 256 432 2009
1 272 432 2044
1 288 432 2009
1 304 432 2009
1 320 432 2009
1 336 432 2044
1 352 432 2009
1 368 432 2009
2 384 432 2085
1 400 432 2067
1 416 432 2068
2 432 432 2085
2 448 432 2085
2 464 432 2085
2 480 432 2085
2 496 432 2085
2 512 432 2085
2 528 432 2085
2 544 432 2085
2 560 432 2085
2 576 432 2085
2 592 432 2085
2 608 432 2085
2 624 432 2085
2 640 432 2085
1 656 432 2067
1 672 432 2068
2 688 432 2085
1 704 432 2009
1 720 432 2009
1 736 432 2009
1 752 432 2044
1 768 432 2009
1 784 432 2009
1 800 432 2009
1 816 432 2044
1 832 432 2009
1 848 432 2009
1 864 432 2009
1 880 432 2044
1 896 432 2009
1 912 432 2075
1 928 432 2076
1 944 432 2009
1 960 432 2009
1 976 432 2009
1 992 432 2044
1 1008 432 2009
1 1024 432 2009
1 1040 432 2009
1 1056 432 2044
1 1072 432 2009
1 1088 432 2009
1 1104 432 2009
1 1120 432 2044
1 1136 432 2009
1 1152 432 2009
1 1168 432 2009
1 1184 432 2044
1 1200 432 2009
1 1216 432 2009
1 1232 432 2009
1 1248 432 2044
1 1264 432 2009
1 1280 432 2009
1 1296 432 2009
2 1312 432 2085
1 1328 432 2067
1 1344 432 2068
1 1360 432 2015
1 0 448 2059
1 16 448 2060
1 32 448 2059
1 48 448 2060
1 64 448 2059
1 80 448 2060
1 96 448 2059
1 112 448 2059
1 128 448 2060
2 144 448 2085
1 160 448 2051
1 176 448 2051
1 192 448 2051
1 208 448 2051
1 224 448 2051
1 240 448 2051
1 256 448 2051
1 272 448 2051
1 288 448 2051
1 304 448 2051
1 320 448 2051
1 336 448 2051
1 352 448 2051
1 368 448 2051
2 384 448 2085
1 400 448 2059
1 416 448 2060
1 432 448 2059
1 448 448 2060
1 464 448 2059
1 480 448 2060
1 496 448 2059
1 512 448 2060
1 528 448 2059
1 544 448 2060
1 560 448 2059
1 576 448 2060
1 592 448 2059
1 608 448 2060
1 624 448 2059
1 640 448 2060
1 656 448 2059
1 672 448 2060
2 688 448 2085
1 704 448 2051
1 720 448 2051
1 736 448 2051
1 752 448 2051
1 768 448 2051
1 784 448 2051
1 800 448 2051
1 816 448 2051
1 832 448 2051
1 848 448 2051
1 864 448 2051
1 880 448 2051
1 896 448 2051
1 912 448 2083
1 928 448 2084
1 944 448 2051
1 960 448 2051
1 976 448 2051
1 992 448 2051
1 1008 448 2051
1 1024 448 2051
1 1040 448 2051
1 1056 448 2051
1 1072 448 2051
1 1088 448 2051
1 1104 448 2051
1 1120 448 2051
1 1136 448 2051
1 1152 448 2051
1 1168 448 2051
1 1184 448 2051
1 1200 448 2051
1 1216 448 2051
1 1232 448 2051
1 1248 448 2051
1 1264 448 2051
1 1280 448 2051
1 1296 448 2051
2 1312 448 2085
2 1328 448 2085
1 1344 448 2014
1 1360 448 2015
1 0 464 2059
1 16 464 2060
1 32 464 2059
1 48 464 2060
1 64 464 2059
1 80 464 2060
1 96 464 2059
1 112 464 2060
1 128 464 2059
2 144 464 2085
2 160 464 2085
2 176 464 2085
1 192 464 2009
1 208 464 2043
1 224 464 2009
1 240 464 2043
1 256 464 2009
1 272 464 2043
1 288 464 2009
1 304 464 2043
1 320 464 2009
1 336 464 2043
1 352 464 2009
1 368 464 2043
2 384 464 2085
1 400 464 2067
1 416 464 2068
1 432 464 2067
1 448 464 2068
1 464 464 2067
1 480 464 2068
1 496 464 2067
1 512 464 2068
1 528 464 2067
1 544 464 2068
1 560 464 2067
1 576 464 2068
1 592 464 2067
1 608 464 2068
1 624 464 2067
1 640 464 2068
1 656 464 2067
1 672 464 2068
2 688 464 2085
1 704 464 2009
1 720 464 2043
1 736 464 2009
1 752 464 2043
1 768 464 2009
1 784 464 2043
1 800 464 2009
1 816 464 2043
1 832 464 2009
1 848 464 2043
1 864 464 2009
1 880 464 2043
1 896 464 2075
1 912 464 2076
1 928 464 2075
1 944 464 2076
1 960 464 2009
1 976 464 2009
1 992 464 2043
1 1008 464 2009
1 1024 464 2043
1 1040 464 2009
1 1056 464 2043
1 1072 464 2009
1 1088 464 2043
1 1104 464 2009
1 1120 464 2043
1 1136 464 2009
1 1152 464 2043
1 1168 464 2009
1 1184 464 2043
1 1200 464 2009
1 1216 464 2043
1 1232 464 2009
1 1248 464 2043
1 1264 464 2009
1 1280 464 2043
1 1296 464 2009
1 1312 464 2016
1 1328 464 2017
1 1344 464 2018
1 1360 464 2018
1 0 480 2067
1 16 480 2068
1 32 480 2067
1 48 480 2068
1 64 480 2067
1 80 480 2068
1 96 480 2067
1 112 480 2068
1 128 480 2067
1 144 480 2059
1 160 480 2060
2 176 480 2085
1 192 480 2009
1 208 480 2043
1 224 480 2043
1 240 480 2043
1 256 480 2009
1 272 480 2043
1 288 480 2043
1 304 480 2043
1 320 480 2009
1 336 480 2043
1 352 480 2043
1 368 480 2043
2 384 480 2085
2 400 480 2085
2 416 480 2085
2 432 480 2085
2 448 480 2085
2 464 480 2085
2 480 480 2085
2 496 480 2085
2 512 480 2085
2 528 480 2085
2 544 480 2085
2 560 480 2085
2 576 480 2085
2 592 480 2085
2 608 480 2085
2 624 480 2085
2 640 480 2085
2 656 480 2085
2 672 480 2085
2 688 480 2085
1 704 480 2009
1 720 480 2043
1 736 480 2043
1 752 480 2043
1 768 480 2009
1 784 480 2043
1 800 480 2043
1 816 480 2043
1 832 480 2009
1 848 480 2043
1 864 480 2043
1 880 480 2043
1 896 480 2083
1 912 480 2084
1 928 480 2083
1 944 480 2084
1 960 480 2009
1 976 480 2009
1 992 480 2043
1 1008 480 2043
1 1024 480 2043
1 1040 480 2009
1 1056 480 2043
1 1072 480 2043
1 1088 480 2043
1 1104 480 2009
1 1120 480 2043
1 1136 480 2043
1 1152 480 2043
1 1168 480 2009
1 1184 480 2043
1 1200 480 2043
1 1216 480 2043
1 1232 480 2009
1 1248 480 2043
1 1264 480 2043
1 1280 480 2043
1 1296 480 2009
1 1312 480 2024
1 1328 480 2025
1 1344 480 2026
1 1360 480 2026
1 0 496 2059
1 16 496 2060
1 32 496 2059
1 48 496 2060
1 64 496 2059
1 80 496 2060
1 96 496 2059
1 112 496 2060
1 128 496 2059
1 144 496 2067
1 160 496 2068
2 176 496 2085
2 192 496 2085
2 208 496 2085
2 224 496 2085
2 240 496 2085
2 256 496 2085
2 272 496 2085
1 288 496 2044
1 304 496 2009
1 320 496 2009
1 336 496 2009
1 352 496 2044
1 368 496 2009
1 384 496 2009
1 400 496 2009
1 416 496 2044
1 432 496 2009
1 448 496 2009
1 464 496 2009
1 480 496 2044
1 496 496 2009
1 512 496 2009
1 528 496 2009
1 544 496 2044
1 560 496 2009
1 576 496 2009
1 592 496 2009
1 608 496 2044
1 624 496 2009
1 640 496 2009
1 656 496 2009
1 672 496 2044
1 688 496 2009
1 704 496 2009
1 720 496 2009
1 736 496 2044
1 752 496 2009
1 768 496 2009
1 784 496 2009
1 800 496 2044
1 816 496 2009
2 832 496 2085
2 848 496 2085
2 864 496 2085
2 880 496 2085
2 896 496 2085
2 912 496 2085
2 928 496 2085
2 944 496 2085
2 960 496 2085
2 976 496 2085
1 992 496 2044
1 1008 496 2009
1 1024 496 2009
1 1040 496 2009
1 1056 496 2044
1 1072 496 2009
1 1088 496 2009
1 1104 496 2009
1 1120 496 2044
1 1136 496 2009
1 1152 496 2009
1 1168 496 2009
1 1184 496 2044
1 1200 496 2009
1 1216 496 2009
1 1232 496 2009
2 1248 496 2085
2 1264 496 2085
2 1280 496 2085
2 1296 496 2085
2 1312 496 2085
2 1328 496 2085
1 1344 496 2005
1 1360 496 2015
1 0 512 2067
1 16 512 2068
1 32 512 2067
1 48 512 2068
1 64 512 2067
1 80 512 2068
1 96 512 2067
1 112 512 2068
1 128 512 2067
1 144 512 2059
1 160 512 2060
1 176 512 2059
1 192 512 2060
1 208 512 2059
1 224 512 2060
1 240 512 2059
1 256 512 2060
2 272 512 2085
1 288 512 2051
1 304 512 2051
1 320 512 2051
1 336 512 2051
1 352 512 2051
1 368 512 2051
1 384 512 2051
1 400 512 2051
1 416 512 2051
1 432 512 2051
1 448 512 2051
1 464 512 2051
1 480 512 2051
1 496 512 2051
1 512 512 2051
1 528 512 2051
1 544 512 2051
1 560 512 2051
1 576 512 2051
1 592 512 2051
1 608 512 2051
1 624 512 2051
1 640 512 2051
1 656 512 2051
1 672 512 2051
1 688 512 2051
1 704 512 2051
1 720 512 2051
1 736 512 2051
1 752 512 2051
1 768 512 2051
1 784 512 2051
1 800 512 2051
1 816 512 2051
2 832 512 2085
1 848 512 2059
1 864 512 2060
1 880 512 2059
1 896 512 2060
1 912 512 2059
1 928 512 2060
1 944 512 2059
1 960 512 2060
2 976 512 2085
1 992 512 2051
1 1008 512 2051
1 1024 512 2051
1 1040 512 2051
1 1056 512 2051
1 1072 512 2051
1 1088 512 2051
1 1104 512 2051
1 1120 512 2051
1 1136 512 2051
1 1152 512 2051
1 1168 512 2051
1 1184 512 2051
1 1200 512 2051
1 1216 512 2051
1 1232 512 2051
2 1248 512 2085
1 1264 512 2059
1 1280 512 2060
1 1296 512 2059
1 1312 512 2060
1 1328 512 2059
1 1344 512 2060
1 1360 512 2059
1 0 528 2059
1 16 528 2060
1 32 528 2059
1 48 528 2060
1 64 528 2059
1 80 528 2060
1 96 528 2059
1 112 528 2060
1 128 528 2059
1 144 528 2067
1 160 528 2068
1 176 528 2067
1 192 528 2068
1 208 528 2067
1 224 528 2068
1 240 528 2067
1 256 528 2068
2 272 528 2085
2 288 528 2085
2 304 528 2085
1 320 528 2009
1 336 528 2009
1 352 528 2075
1 368 528 2076
1 384 528 2009
1 400 528 2009
1 416 528 2043
1 432 528 2009
1 448 528 2043
1 464 528 2009
1 480 528 2043
1 496 528 2009
1 512 528 2043
1 528 528 2009
1 544 528 2043
1 560 528 2009
1 576 528 2075
1 592 528 2076
1 608 528 2075
1 624 528 2076
1 640 528 2009
1 656 528 2009
1 672 528 2043
1 688 528 2009
1 704 528 2043
1 720 528 2009
1 736 528 2043
1 752 528 2009
1 768 528 2043
1 784 528 2009
1 800 528 2043
1 816 528 2009
2 832 528 2085
1 848 528 2067
1 864 528 2068
1 880 528 2067
1 896 528 2068
1 912 528 2067
1 928 528 2068
1 944 528 2067
1 960 528 2068
2 976 528 2085
2 992 528 2085
2 1008 528 2085
1 1024 528 2009
1 1040 528 2009
1 1056 528 2043
1 1072 528 2009
1 1088 528 2043
1 1104 528 2009
1 1120 528 2043
1 1136 528 2009
1 1152 528 2043
1 1168 528 2009
1 1184 528 2043
1 1200 528 2009
2 1216 528 2085
2 1232 528 2085
2 1248 528 2085
1 1264 528 2067
1 1280 528 2068
1 1296 528 2067
1 1312 528 2068
1 1328 528 2067
1 1344 528 2068
1 1360 528 2067
1 0 544 2067
1 16 544 2068
1 32 544 2067
1 48 544 2068
1 64 544 2067
1 80 544 2068
1 96 544 2067
1 112 544 2068
1 128 544 2067
1 144 544 2059
1 160 544 2060
1 176 544 2059
1 192 544 2060
1 208 544 2059
1 224 544 2060
1 240 544 2059
1 256 544 2060
1 272 544 2059
1 288 544 2060
2 304 544 2085
1 320 544 2009
1 336 544 2009
1 352 544 2083
1 368 544 2084
1 384 544 2009
1 400 544 2009
1 416 544 2043
1 432 544 2043
1 448 544 2043
1 464 544 2009
1 480 544 2043
1 496 544 2043
1 512 544 2043
1 528 544 2009
1 544 544 2043
1 560 544 2043
1 576 544 2083
1 592 544 2084
1 608 544 2083
1 624 544 2084
1 640 544 2009
1 656 544 2009
1 672 544 2043
1 688 544 2043
1 704 544 2043
1 720 544 2009
1 736 544 2043
1 752 544 2043
1 768 544 2043
1 784 544 2009
1 800 544 2043
1 816 544 2043
2 832 544 2085
1 848 544 2059
1 864 544 2060
1 880 544 2059
1 896 544 2060
1 912 544 2059
1 928 544 2060
1 944 544 2059
1 960 544 2060
1 976 544 2059
1 992 544 2060
2 1008 544 2085
1 1024 544 2009
1 1040 544 2009
1 1056 544 2043
1 1072 544 2043
1 1088 544 2043
1 1104 544 2009
1 1120 544 2043
1 1136 544 2043
1 1152 544 2043
1 1168 544 2009
1 1184 544 2043
1 1200 544 2043
2 1216 544 2085
1 1232 544 2059
1 1248 544 2060
1 1264 544 2059
1 1280 544 2060
1 1296 544 2059
1 1312 544 2060
1 1328 544 2059
1 1344 544 2060
1 1360 544 2059
1 0 560 2059
1 16 560 2060
1 32 560 2059
1 48 560 2060
1 64 560 2059
1 80 560 2060
1 96 560 2059
1 112 560 2060
1 128 560 2059
1 144 560 2067
1 160 560 2068
1 176 560 2067
1 192 560 2068
1 208 560 2067
1 224 560 2068
1 240 560 2067
1 256 560 2068
1 272 560 2067
1 288 560 2068
2 304 560 2085
2 320 560 2085
2 336 560 2085
2 352 560 2085
2 368 560 2085
2 384 560 2085
2 400 560 2085
2 416 560 2085
2 432 560 2085
2 448 560 2085
2 464 560 2085
2 480 560 2085
2 496 560 2085
2 512 560 2085
2 528 560 2085
2 544 560 2085
2 560 560 2085
2 576 560 2085
2 592 560 2085
2 608 560 2085
2 624 560 2085
2 640 560 2085
2 656 560 2085
2 672 560 2085
2 688 560 2085
2 704 560 2085
2 720 560 2085
2 736 560 2085
2 752 560 2085
2 768 560 2085
2 784 560 2085
2 800 560 2085
2 816 560 2085
2 832 560 2085
1 848 560 2067
1 864 560 2068
1 880 560 2067
1 896 560 2068
1 912 560 2067
1 928 560 2068
1 944 560 2067
1 960 560 2068
1 976 560 2067
1 992 560 2068
2 1008 560 2085
2 1024 560 2085
2 1040 560 2085
2 1056 560 2085
2 1072 560 2085
2 1088 560 2085
2 1104 560 2085
2 1120 560 2085
2 1136 560 2085
2 1152 560 2085
2 1168 560 2085
2 1184 560 2085
2 1200 560 2085
2 1216 560 2085
1 1232 560 2067
1 1248 560 2068
1 1264 560 2067
1 1280 560 2068
1 1296 560 2067
1 1312 560 2068
1 1328 560 2067
1 1344 560 2068
1 1360 560 2067
1 0 576 2067
1 16 576 2068
1 32 576 2067
1 48 576 2068
1 64 576 2067
1 80 576 2068
1 96 576 2067
1 112 576 2068
1 128 576 2067
1 144 576 2059
1 160 576 2060
1 176 576 2059
1 192 576 2060
1 208 576 2059
1 224 576 2060
1 240 576 2059
1 256 576 2060
1 272 576 2059
1 288 576 2060
1 304 576 2059
1 320 576 2060
1 336 576 2059
1 352 576 2060
1 368 576 2059
1 384 576 2060
1 400 576 2059
1 416 576 2060
1 432 576 2059
1 448 576 2060
1 464 576 2059
1 480 576 2060
1 496 576 2059
1 512 576 2060
1 528 576 2059
1 544 576 2060
1 560 576 2059
1 576 576 2060
1 592 576 2059
1 608 576 2060
1 624 576 2059
1 640 576 2060
1 656 576 2059
1 672 576 2060
1 688 576 2059
1 704 576 2060
1 720 576 2059
1 736 576 2060
1 752 576 2059
1 768 576 2060
1 784 576 2059
1 800 576 2060
1 816 576 2059
1 832 576 2060
1 848 576 2059
1 864 576 2060
1 880 576 2059
1 896 576 2060
1 912 576 2059
1 928 576 2060
1 944 576 2059
1 960 576 2060
1 976 576 2059
1 992 576 2060
1 1008 576 2059
1 1024 576 2060
1 1040 576 2059
1 1056 576 2060
1 1072 576 2059
1 1088 576 2060
1 1104 576 2059
1 1120 576 2060
1 1136 576 2059
1 1152 576 2060
1 1168 576 2059
1 1184 576 2060
1 1200 576 2059
1 1216 576 2060
1 1232 576 2059
1 1248 576 2060
1 1264 576 2059
1 1280 576 2060
1 1296 576 2059
1 1312 576 2060
1 1328 576 2059
1 1344 576 2060
1 1360 576 2059
1 0 592 2059
1 16 592 2060
1 32 592 2059
1 48 592 2060
1 64 592 2059
1 80 592 2060
1 96 592 2059
1 112 592 2060
1 128 592 2059
1 144 592 2060
1 160 592 2059
1 176 592 2060
1 192 592 2059
1 208 592 2060
1 224 592 2059
1 240 592 2060
1 256 592 2059
1 272 592 2060
1 288 592 2059
1 304 592 2060
1 320 592 2068
1 336 592 2067
1 352 592 2068
1 368 592 2067
1 384 592 2068
1 400 592 2067
1 416 592 2068
1 432 592 2067
1 448 592 2068
1 464 592 2067
1 480 592 2068
1 496 592 2067
1 512 592 2068
1 528 592 2067
1 544 592 2068
1 560 592 2067
1 576 592 2068
1 592 592 2067
1 608 592 2068
1 624 592 2067
1 640 592 2068
1 656 592 2067
1 672 592 2068
1 688 592 2067
1 704 592 2068
1 720 592 2067
1 736 592 2068
1 752 592 2067
1 768 592 2068
1 784 592 2067
1 800 592 2068
1 816 592 2067
1 832 592 2068
1 848 592 2067
1 864 592 2068
1 880 592 2067
1 896 592 2068
1 912 592 2067
1 928 592 2068
1 944 592 2067
1 960 592 2068
1 976 592 2067
1 992 592 2068
1 1008 592 2067
1 1024 592 2068
1 1040 592 2067
1 1056 592 2068
1 1072 592 2067
1 1088 592 2068
1 1104 592 2067
1 1120 592 2068
1 1136 592 2067
1 1152 592 2068
1 1168 592 2067
1 1184 592 2068
1 1200 592 2067
1 1216 592 2068
1 1232 592 2067
1 1248 592 2068
1 1264 592 2067
1 1280 592 2068
1 1296 592 2067
1 1312 592 2068
1 1328 592 2067
1 1344 592 2068
1 1360 592 2067
1 0 608 2067
1 16 608 2068
1 32 608 2067
1 48 608 2068
1 64 608 2067
1 80 608 2068
1 96 608 2067
1 112 608 2068
1 128 608 2067
1 144 608 2068
1 160 608 2067
1 176 608 2068
1 192 608 2067
1 208 608 2068
1 224 608 2067
1 240 608 2068
1 256 608 2067
1 272 608 2068
1 288 608 2067
1 304 608 2068
1 320 608 2060
1 336 608 2059
1 352 608 2060
1 368 608 2059
1 384 608 2060
1 400 608 2059
1 416 608 2060
1 432 608 2059
1 448 608 2060
1 464 608 2059
1 480 608 2060
1 496 608 2059
1 512 608 2060
1 528 608 2059
1 544 608 2060
1 560 608 2059
1 576 608 2060
1 592 608 2059
1 608 608 2060
1 624 608 2059
1 640 608 2060
1 656 608 2059
1 672 608 2060
1 688 608 2059
1 704 608 2060
1 720 608 2059
1 736 608 2060
1 752 608 2059
1 768 608 2060
1 784 608 2059
1 800 608 2060
1 816 608 2059
1 832 608 2060
1 848 608 2059
1 864 608 2060
1 880 608 2059
1 896 608 2060
1 912 608 2059
1 928 608 2060
1 944 608 2059
1 960 608 2060
1 976 608 2059
1 992 608 2060
1 1008 608 2059
1 1024 608 2060
1 1040 608 2059
1 1056 608 2060
1 1072 608 2059
1 1088 608 2060
1 1104 608 2059
1 1120 608 2060
1 1136 608 2059
1 1152 608 2060
1 1168 608 2059
1 1184 608 2060
1 1200 608 2059
1 1216 608 2060
1 1232 608 2059
1 1248 608 2060
1 1264 608 2059
1 1280 608 2060
1 1296 608 2059
1 1312 608 2060
1 1328 608 2059
1 1344 608 2060
1 1360 608 2059
1 0 624 2059
1 16 624 2060
1 32 624 2059
1 48 624 2060
1 64 624 2059
1 80 624 2060
1 96 624 2059
1 112 624 2060
1 128 624 2059
1 144 624 2060
1 160 624 2059
1 176 624 2060
1 192 624 2059
1 208 624 2060
1 224 624 2059
1 240 624 2060
1 256 624 2059
1 272 624 2060
1 288 624 2059
1 304 624 2060
1 320 624 2068
1 336 624 2067
1 352 624 2068
1 368 624 2067
1 384 624 2068
1 400 624 2067
1 416 624 2068
1 432 624 2067
1 448 624 2068
1 464 624 2067
1 480 624 2068
1 496 624 2067
1 512 624 2068
1 528 624 2067
1 544 624 2068
1 560 624 2067
1 576 624 2068
1 592 624 2067
1 608 624 2068
1 624 624 2067
1 640 624 2068
1 656 624 2067
1 672 624 2068
1 688 624 2067
1 704 624 2068
1 720 624 2067
1 736 624 2068
1 752 624 2067
1 768 624 2068
1 784 624 2067
1 800 624 2068
1 816 624 2067
1 832 624 2068
1 848 624 2067
1 864 624 2068
1 880 624 2067
1 896 624 2068
1 912 624 2067
1 928 624 2068
1 944 624 2067
1 960 624 2068
1 976 624 2067
1 992 624 2068
1 1008 624 2067
1 1024 624 2068
1 1040 624 2067
1 1056 624 2068
1 1072 624 2067
1 1088 624 2068
1 1104 624 2067
1 1120 624 2068
1 1136 624 2067
1 1152 624 2068
1 1168 624 2067
1 1184 624 2068
1 1200 624 2067
1 1216 624 2068
1 1232 624 2067
1 1248 624 2068
1 1264 624 2067
1 1280 624 2068
1 1296 624 2067
1 1312 624 2068
1 1328 624 2067
1 1344 624 2068
1 1360 624 2067
