[OBJECTS]
# type	x	y	ani_set_id	extra_settings per object type
# type: 0 = Mario , 1 = Brick, 2 = Goomba
1 0 48 2059
1 0 64 2059
1 0 80 2059
1 0 96 2059
1 0 112 2059
1 0 128 2059
1 0 144 2059
1 0 160 2059
1 0 176 2059
1 0 192 2059
1 0 208 2059
1 0 224 2059
1 0 240 2059
1 0 256 2059
1 0 272 2059
1 0 288 2059
1 0 304 2059
1 0 320 2059
1 0 336 2059
1 0 352 2059
1 0 368 2059
1 0 384 2059
1 0 400 2059
1 0 416 2059
1 0 432 2059
1 0 448 2059
1 0 464 2059
1 0 480 2059
1 16 48 2059
1 16 480 2059
1 16 704 2059
1 16 816 2059
1 32 48 2059
1 32 480 2059
1 32 704 2059
1 32 816 2059
1 48 48 2059
1 48 336 2059
1 48 352 2059
1 48 368 2059
1 48 384 2059
1 48 480 2059
1 48 704 2059
1 48 816 2059
1 64 48 2059
1 64 336 2059
1 64 480 2059
1 64 704 2059
1 64 816 2059
1 80 48 2059
1 80 336 2059
1 80 480 2059
1 80 608 2059
1 80 704 2059
1 80 816 2059
1 96 48 2059
1 96 240 2059
1 96 336 2059
1 96 480 2059
1 96 608 2059
1 96 704 2059
1 96 816 2059
1 112 48 2059
1 112 240 2059
1 112 336 2059
1 112 480 2059
1 112 608 2059
1 112 704 2059
1 112 816 2059
1 128 48 2059
1 128 64 2059
1 128 80 2059
1 128 96 2059
1 128 112 2059
1 128 240 2059
1 128 336 2059
1 128 480 2059
1 128 608 2059
1 128 704 2059
1 128 816 2059
1 144 112 2059
1 144 240 2059
1 144 256 2059
1 144 272 2059
1 144 288 2059
1 144 304 2059
1 144 320 2059
1 144 336 2059
1 144 480 2059
1 144 608 2059
1 144 704 2059
1 144 816 2059
1 160 112 2059
1 160 240 2059
1 160 480 2059
1 160 608 2059
1 160 704 2059
1 160 816 2059
1 176 112 2059
1 176 240 2059
1 176 480 2059
1 176 608 2059
1 176 704 2059
1 176 816 2059
1 192 112 2059
1 192 240 2059
1 192 480 2059
1 192 496 2059
1 192 608 2059
1 192 704 2059
1 192 816 2059
1 208 112 2059
1 208 240 2059
1 208 496 2059
1 208 608 2059
1 208 704 2059
1 208 816 2059
1 208 832 2059
1 208 848 2059
1 208 864 2059
1 224 112 2059
1 224 128 2059
1 224 144 2059
1 224 160 2059
1 224 176 2059
1 224 240 2059
1 224 496 2059
1 224 608 2059
1 224 864 2059
1 224 880 2059
1 224 896 2059

1 240 240 2059
1 240 496 2059
1 240 608 2059
1 240 896 2059
1 256 240 2059
1 256 496 2059
1 256 608 2059
1 256 896 2059
1 272 240 2059
1 272 496 2059
1 272 608 2059
1 272 896 2059
1 288 240 2059
1 288 496 2059
1 288 608 2059
1 288 896 2059
1 288 912 2059
1 288 928 2059
1 288 944 2059
1 304 240 2059
1 304 496 2059
1 304 608 2059
1 304 928 2059
1 304 944 2059
1 320 112 2059
1 320 240 2059
1 320 496 2059
1 320 608 2059
1 320 928 2059
1 320 944 2059
1 336 112 2059
1 336 240 2059
1 336 496 2059
1 336 608 2059
1 336 928 2059
1 336 944 2059
1 352 112 2059
1 352 240 2059
1 352 496 2059
1 352 608 2059
1 352 704 2059
1 352 720 2059
1 352 736 2059
1 352 752 2059
1 352 768 2059
1 352 784 2059
1 352 800 2059
1 352 816 2059
1 352 928 2059
1 352 944 2059
1 368 112 2059
1 368 240 2059
1 368 496 2059
1 368 608 2059
1 368 704 2059
1 368 720 2059
1 368 816 2059
1 368 928 2059
1 368 944 2059
1 384 112 2059
1 384 240 2059
1 384 496 2059
1 384 512 2059
1 384 528 2059
1 384 544 2059
1 384 560 2059
1 384 576 2059
1 384 592 2059
1 384 608 2059
1 384 704 2059
1 384 720 2059
1 384 816 2059
1 384 832 2059
1 384 848 2059
1 384 864 2059
1 384 880 2051
1 384 928 2059
1 384 944 2059
1 400 112 2059
1 400 240 2059
1 400 704 2059
1 400 720 2059
1 400 864 2059
1 400 928 2059
1 400 944 2059
1 416 112 2059
1 416 128 2059
1 416 240 2059
1 416 704 2059
1 416 720 2059
1 416 928 2059
1 416 944 2059

1 432 64 2059
1 432 80 2059
1 432 96 2059
1 432 112 2059
1 432 128 2059
1 432 240 2059
1 432 704 2059
1 432 720 2059
1 432 928 2059
1 432 944 2059
1 448 64 2059
1 448 240 2059
1 448 704 2059
1 448 720 2059
1 448 928 2059
1 448 944 2059
1 464 64 2059
1 464 80 2059
1 464 96 2059
1 464 112 2059
1 464 128 2059
1 464 144 2059
1 464 160 2059
1 464 176 2059
1 464 192 2059
1 464 208 2059
1 464 224 2059
1 464 240 2059
1 464 256 2059
1 464 272 2059
1 464 288 2059
1 464 304 2059
1 464 320 2059
1 464 336 2059
1 464 352 2059
1 464 368 2059
1 464 384 2059
1 464 400 2059
1 464 416 2059
1 464 432 2059
1 464 448 2059
1 464 464 2059
1 464 480 2059
1 464 496 2059
1 464 512 2059
1 464 528 2059
1 464 544 2059
1 464 560 2059
1 464 576 2059
1 464 592 2059
1 464 608 2059
1 464 624 2059
1 464 640 2059
1 464 656 2059
1 464 672 2059
1 464 688 2059
1 464 704 2059
1 464 720 2059
1 464 736 2059
1 464 752 2059
1 464 768 2059
1 464 784 2059
1 464 800 2059
1 464 816 2059
1 464 832 2059
1 464 848 2059
1 464 864 2059
1 464 880 2059
1 464 896 2059
1 464 912 2059
1 464 928 2059
1 464 944 2059

#LADYBIRD
#type x y ani x0 y0 x1 y1
#30 50 50 3101 25 25 75 75
#30 -224 380 3101 -400 380 -224 380




