#NOTHING
99999 0 0 0 0 0
# BIG MARIO 
# idle right
10001 289 70 311 100 0
#than xe
11002 39 3 55 11 0
# walk
10002 314 70 336 100 0
10003 339 70 361 100 0
# idle left
10011 259 70 281 100 0
#walk
10012 234 70 256 100 0
10013 209 70 231 100 0
#idle down
10004 236 4 254 32 0
#idle up
10005 236 37 254 61 0
#walk down
10006 210 4 230 34 0
10007 260 4 280 34 0
#walk up
10008 210 37 230 67 0
10009 260 37 280 67 0
# die 
10099 246 154 260 181 0


# SMALL PRINCE
#idle left right
10020 21 30 29 45 0
10021 12 104 20 119 0
#walk
#left
10022 30 31 38 45 0
10023 21 30 29 45 0
#right
10024 21 105 29 119 0
10025 12 104 20 119 0



#+++++++++++++++FROG

#====GUN
#botLeft
7710001 3 3 10 10 0
#leftRight 
7710002 12 5 19 12 0
#topLeft
7710003 22 3 29 10 0
#topBot
7710004 33 3 40 10 0

#=====BODY
#topRight
7720001 61 87 77 101 0
#botLeft
7720002 83 87 99 101 0
#static left
7720003 39 3 55 11 0
#static right
7720004 83 105 99 113 0
#theWheelUnderBody
#leftRight
7720005 4 13 10 19 0
#topBot
7720006 13 13 19 19 0
#topLeft
7720007 22 13 28 19 0
#botRight
7720008 31 13 37 19 0

#=========WHEEL
#up right
7730001 4 22 10 28 0
#left 
7730002 13 22 19 28 0
#up left
7730003 22 22 28 28 0
#up
7730004 31 22 37 28 0

#=======BULLET
#left
7740001 73 21 81 29 0
#up
7740002 83 20 83 20 0
#left
7740003 91 21 113 27 0
#up
7740004 117 20 123 42 0
#right
7740005 61 21 69 27 0
#right 
7740006 91 72 113 78 0
#die
7740007 183 93 207 117 0

#idle right
310001 138 387 156 405 2
310002 158 387 176 405 2
310003 178 387 196 405 2
#idle left
310004 98 387 116 405 2
310005 78 387 96 405 2
310006 58 387 76 405 2
#OBJECT SPRITECUT
200000 0 0 0 0 3
200001 0 0 1600 800 4
200002 0 0 16 48 5
200003 0 0 48 16 5
200004 0 0 528 2048 6
#UPPER BACKROUND 
#scene2
#corner left
200005 96 192 224 224 6
#corner right
200006 32 320 160 352 6
200007 96 320 160 352 6
#the porttal
200008 112 1728 144 1792 6

#scene1
#corner right
200009 1296 128 1344 160 4
#corner left
2000010 1248 384 1296 416 4

#ITEM from 210001
210001 255 109 271 125 7
210002 204 158 222 176 7
#enemy bullet
210003 258 12 268 55 7
#ENEMY 
#BOOM
300001 157 1487 179 1505 2
#LADYBIRD
#static
310000 118 387 136 405 2

#BALLBOT
320001 62 738 80 756 2
320002 83 738 101 756 2
320003 104 738 122 756 2
320004 132 738 150 756 2
320005 153 738 171 756 2
320006 174 738 192 756 2
 #Eyelet
330001 44 29 62 47 2
330002 64 29 82 47 2
330003 84 29 102 47 2
330004 104 29 122 47 2
330005 132 29 150 47 2
330006 152 29 170 47 2
330007 172 29 190 47 2
330008 192 29 210 47 2
 #BALL CARY 
340001 46 651 64 669 2
340002 64 651 82 669 2
340003 82 651 100 669 2
340004 105 651 125 669 2

340005 132 651 150 669 2
340006 151 651 169 669 2
340007 170 651 188 669 2
340008 189 651 207 669 2

#GX680
#grey
#idle
350001 84 296 102 313 2
#left
350002 104 297 122 314 2
#right
350003 132 297 150 314 2

#pink 
350004 84 1150 102 1167 2
350005 104 1150 122 1167 2
350006 132 1150 150 1167 2


#sensor
360001 44 277 62 293 2
360002 64 275 82 291 2
360003 84 275 102 291 2
360004 104 275 122 291 2
360005 132 275 150 291 2
360006 152 275 170 291 2
360007 172 275 190 291 2
360008 192 275 210 291 2

