[OBJECTS]
# type	x	y	ani_set_id	extra_settings per object type
# type: 0 = Mario , 1 = Brick, 2 = Goomba


# BRICK 
2 0 0 2014
2 0 16 2014
2 0 32 2014
2 0 48 2014
2 0 64 2015
2 0 80 2014
2 0 96 2014
#PORTAL
2 0 112 2018
2 0 128 2026
2 0 144 2014
2 0 160 2014
2 0 176 2014
2 0 192 2014
2 0 208 2014
2 0 224 2014
2 0 240 2014
2 0 256 2014
2 0 272 2014
2 0 288 2014
2 0 304 2014
2 0 320 2014
2 0 336 2014
2 0 352 2014
2 0 368 2016
2 0 384 2024
2 0 400 2014
2 0 416 2014
2 0 432 2014
2 0 448 2014
2 0 464 2014
2 0 480 2014
2 0 496 2014
2 16 0 2015
2 16 16 2015
2 16 32 2015
2 16 48 2015
2 16 64 2015
2 16 80 2015
2 16 96 2015
2 16 112 2018
2 16 128 2026
2 16 144 2015
2 16 160 2015
2 16 176 2015
2 16 192 2015
2 16 208 2015
2 16 224 2015
2 16 240 2015
2 16 256 2015
2 16 272 2015
2 16 288 2015
2 16 304 2015
2 16 320 2015
2 16 336 2015
2 16 352 2015
2 16 368 2017
2 16 384 2025
2 16 400 2015
2 16 416 2015
2 16 432 2015
2 16 448 2015
2 16 464 2015
2 16 480 2015
2 16 496 2015
2 32 0 2014
2 32 16 2059
2 32 32 2067
2 32 48 2059
2 32 64 2067
2 32 80 2059
2 32 96 2067
2 32 112 2019
2 32 128 2027
2 32 144 2059
2 32 160 2067
2 32 176 2059
2 32 192 2067
2 32 208 2059
2 32 224 2067
2 32 240 2059
2 32 256 2067
2 32 272 2059
2 32 288 2067
2 32 304 2059
2 32 320 2067
2 32 336 2059
2 32 352 2067
2 32 368 2018
2 32 384 2026
2 32 400 2059
2 32 416 2067
2 32 432 2059
2 32 448 2067
2 32 464 2014
2 32 480 2014
2 32 496 2014
2 48 0 2015
2 48 16 2060
2 48 32 2068
2 48 48 2060
2 48 64 2068
2 48 80 2060
2 48 96 2068
#PORTAL
2 48 112 2020
2 48 128 2028
2 48 144 2060
2 48 160 2068
2 48 176 2060
2 48 192 2068
2 48 208 2060
2 48 224 2068
2 48 240 2060
2 48 256 2068
2 48 272 2060
2 48 288 2068
2 48 304 2060
2 48 320 2068
2 48 336 2060
2 48 352 2068
2 48 368 2018
2 48 384 2026
2 48 400 2060
2 48 416 2068
2 48 432 2060
2 48 448 2068
2 48 464 2015
2 48 480 2015
2 48 496 2015
2 64 0 2014
2 64 16 2059
2 64 32 2067
2 64 48 2059
2 64 64 2067
2 64 80 2067
2 64 96 2051
2 64 112 2043
2 64 128 2043
2 64 144 2059
2 64 160 2067
2 64 176 2059
2 64 192 2067
2 64 208 2059
2 64 224 2067
2 64 240 2059
2 64 256 2067
2 64 272 2059
2 64 288 2067
2 64 304 2043
2 64 320 2043

2 64 352 2051
2 64 368 2043
2 64 384 2043
2 64 400 2059
2 64 416 2067
2 64 432 2059
2 64 448 2067
2 64 464 2014
2 64 480 2014
2 64 496 2014
2 80 0 2015
2 80 16 2060
2 80 32 2068
2 80 48 2060
2 80 64 2068
2 80 80 2044
2 80 96 2051
2 80 112 2043
2 80 128 2043
2 80 144 2060
2 80 160 2068
2 80 176 2060
2 80 192 2068
2 80 208 2060
2 80 224 2068
2 80 240 2060
2 80 256 2068
2 80 272 2060
2 80 288 2068
2 80 304 2043
2 80 320 2043
2 80 336 2044
2 80 352 2051
2 80 368 2043
2 80 384 2043
2 80 400 2060
2 80 416 2068
2 80 432 2060
2 80 448 2068
2 80 464 2015
2 80 480 2015
2 80 496 2015
2 96 0 2014
2 96 16 2059
2 96 32 2067
2 96 48 2059
2 96 64 2067
2 96 80 2067
2 96 96 2051



2 96 160 2051
2 96 176 2059
2 96 192 2067
2 96 208 2059
2 96 224 2067



2 96 288 2051



2 96 352 2051
2 96 368 2059
2 96 384 2067
2 96 400 2059
2 96 416 2067
2 96 432 2059
2 96 448 2067
2 96 464 2014
2 96 480 2014
2 96 496 2014
2 112 0 2015
2 112 16 2060
2 112 32 2068
2 112 48 2060
2 112 64 2068
2 112 80 2068
2 112 96 2051
2 112 112 2043
2 112 128 2043

2 112 160 2051
2 112 176 2060
2 112 192 2068
2 112 208 2060
2 112 224 2068
2 112 240 2043
2 112 256 2043

2 112 288 2051
2 112 304 2043
2 112 320 2043

2 112 352 2051
2 112 368 2060
2 112 384 2068
2 112 400 2060
2 112 416 2068
2 112 432 2060
2 112 448 2068
2 112 464 2015
2 112 480 2015
2 112 496 2015
2 128 0 2014
2 128 16 2059
2 128 32 2067
2 128 48 2059
2 128 64 2067
2 128 80 2059
2 128 96 2067
2 128 112 2043
2 128 128 2043

2 128 160 2051
2 128 176 2043
2 128 192 2043
2 128 208 2059
2 128 224 2067
2 128 240 2043
2 128 256 2043

2 128 288 2051
2 128 304 2043
2 128 320 2043
2 128 336 2059
2 128 352 2067
2 128 368 2059
2 128 384 2067
2 128 400 2059
2 128 416 2067
2 128 432 2059
2 128 448 2067
2 128 464 2014
2 128 480 2014
2 128 496 2014
2 144 0 2015
2 144 16 2060
2 144 32 2068
2 144 48 2060
2 144 64 2068
2 144 80 2060
2 144 96 2068
2 144 112 2043
2 144 128 2043
2 144 144 2044
2 144 160 2051
2 144 176 2043
2 144 192 2043
2 144 208 2060
2 144 224 2068
2 144 240 2043
2 144 256 2043
2 144 272 2044
2 144 288 2051
2 144 304 2043
2 144 320 2043
2 144 336 2060
2 144 352 2068
2 144 368 2060
2 144 384 2068
2 144 400 2060
2 144 416 2068
2 144 432 2060
2 144 448 2068
2 144 464 2015
2 144 480 2015
2 144 496 2015
2 160 0 2014
2 160 16 2059
2 160 32 2067
2 160 48 2059
2 160 64 2067
2 160 80 2059
2 160 96 2067
2 160 112 2059
2 160 128 2067
2 160 144 2059
2 160 160 2067



2 160 224 2051


2 160 272 2059
2 160 288 2067


2 160 336 2059
2 160 352 2067
2 160 368 2059
2 160 384 2067
2 160 400 2059
2 160 416 2067
2 160 432 2059
2 160 448 2067
2 160 464 2014
2 160 480 2014
2 160 496 2014
2 176 0 2015
2 176 16 2060
2 176 32 2068
2 176 48 2060
2 176 64 2068
2 176 80 2060
2 176 96 2068
2 176 112 2060
2 176 128 2068
2 176 144 2060
2 176 160 2068
2 176 176 2043
2 176 192 2043

2 176 224 2051
2 176 240 2043
2 176 256 2043
2 176 272 2060
2 176 288 2068
2 176 304 2043
2 176 320 2043
2 176 336 2060
2 176 352 2068
2 176 368 2060
2 176 384 2068
2 176 400 2060
2 176 416 2068
2 176 432 2060
2 176 448 2068
2 176 464 2015
2 176 480 2015
2 176 496 2015
2 192 0 2014
2 192 16 2059
2 192 32 2067
2 192 48 2059
2 192 64 2067
2 192 80 2059
2 192 96 2067
2 192 112 2059
2 192 128 2067
2 192 144 2059
2 192 160 2059
2 192 176 2059
2 192 192 2067
2 192 208 2059
2 192 224 2067
2 192 240 2059
2 192 256 2067
2 192 272 2059
2 192 288 2067
2 192 304 2043
2 192 320 2043
2 192 336 2059
2 192 352 2067
2 192 368 2059
2 192 384 2067
2 192 400 2059
2 192 416 2067
2 192 432 2059
2 192 448 2067
2 192 464 2014
2 192 480 2014
2 192 496 2014
2 208 0 2015
2 208 16 2060
2 208 32 2068
2 208 48 2060
2 208 64 2068
2 208 80 2060
2 208 96 2068
2 208 112 2060
2 208 128 2068
2 208 144 2060
2 208 160 2060
2 208 176 2060
2 208 192 2068
2 208 208 2060
2 208 224 2068
2 208 240 2060
2 208 256 2068
2 208 272 2060
2 208 288 2068
2 208 304 2043
2 208 320 2043
2 208 336 2060
2 208 352 2068
2 208 368 2060
2 208 384 2068
2 208 400 2060
2 208 416 2068
2 208 432 2060
2 208 448 2068
2 208 464 2015
2 208 480 2015
2 208 496 2015
2 224 0 2014
2 224 16 2014
2 224 32 2014
2 224 48 2014
2 224 64 2014
2 224 80 2014
2 224 96 2014
2 224 112 2014
2 224 128 2014
2 224 144 2014
2 224 160 2014
2 224 176 2014
2 224 192 2014
2 224 208 2014
2 224 224 2014
2 224 240 2014
2 224 256 2014
2 224 272 2014
2 224 288 2014
2 224 304 2014
2 224 320 2014
2 224 336 2014
2 224 352 2014
2 224 368 2014
2 224 384 2014
2 224 400 2014
2 224 416 2014
2 224 432 2014
2 224 448 2014
2 224 464 2014
2 224 480 2014
2 224 496 2014
2 240 0 2015
2 240 16 2015
2 240 32 2015
2 240 48 2015
2 240 64 2015
2 240 80 2015
2 240 96 2015
2 240 112 2015
2 240 128 2015
2 240 144 2015
2 240 160 2015
2 240 176 2015
2 240 192 2015
2 240 208 2015
2 240 224 2015
2 240 240 2015
2 240 256 2015
2 240 272 2015
2 240 288 2015
2 240 304 2015
2 240 320 2015
2 240 336 2015
2 240 352 2015
2 240 368 2015
2 240 384 2015
2 240 400 2015
2 240 416 2015
2 240 432 2015
2 240 448 2015
2 240 464 2015
2 240 480 2015
2 240 496 2015

#Brick
1 -16 112 2020
1 -16 128 2028
1 0 96 2014
1 0 144 2014
1 0 352 2014
1 0 400 2014
1 16 96 2015
1 16 144 2015
1 16 352 2015
1 16 400 2015
1 32 96 2067
1 32 144 2059
1 32 352 2067
1 32 400 2059
1 48 64 2068
1 48 80 2060
1 48 96 2068
#PORTTAL
#1 48 112 2020
#1 48 128 2028
1 48 144 2060
1 48 288 2068
1 48 304 2060
1 48 320 2068
1 48 336 2060
1 48 352 2068
#1 48 368 2018
#1 48 384 2026
1 48 400 2060
1 64 64 2067
1 64 144 2059
1 64 288 2067
1 64 400 2059
1 80 64 2068
1 80 144 2060
1 80 160 2068
1 80 176 2060
1 80 224 2068
1 80 240 2060
1 80 256 2068
1 80 272 2060
1 80 288 2068
1 80 400 2060
1 96 64 2067
1 96 176 2059
1 96 224 2067
1 96 368 2059
1 96 384 2067
1 96 400 2059
1 112 64 2068
1 112 176 2060
1 112 192 2068
1 112 208 2060
1 112 224 2068
1 112 368 2060
1 128 64 2067
1 128 80 2059
1 128 96 2067
1 128 208 2059
1 128 224 2067
1 128 336 2059
1 128 352 2067
1 128 368 2059
1 144 96 2068
1 144 208 2060
1 144 224 2068
1 144 336 2060
1 160 96 2067
1 160 112 2059
1 160 128 2067
1 160 144 2059
1 160 160 2067
1 160 272 2059
1 160 288 2067
1 160 336 2059
1 176 160 2068
1 176 272 2060
1 176 288 2068
1 176 336 2060
1 192 160 2059
1 192 176 2059
1 192 192 2067
1 192 208 2059
1 192 224 2067
1 192 240 2059
1 192 256 2067
1 192 272 2059
1 192 288 2067
1 192 336 2059
1 208 160 2060
1 208 176 2060
1 208 192 2068
1 208 208 2060
1 208 224 2068
1 208 240 2060
1 208 256 2068
1 208 272 2060
1 208 288 2068
1 208 336 2060
1 224 288 2014
1 224 304 2014
1 224 320 2014
1 224 336 2014

#+++++++++SCENE2 ++++++++++
#BRICK
1 -1264 480 2085
1 -1264 496 2085
1 -1264 512 2085
1 -1264 528 2085
1 -1264 544 2085
1 -1264 560 2085
1 -1264 576 2085
1 -1264 592 2085
1 -1248 480 2085
1 -1248 592 2085
1 -1232 448 2085
1 -1232 464 2085
1 -1232 480 2085
1 -1232 592 2085
1 -1232 608 2085
1 -1232 624 2085
1 -1216 448 2085
1 -1216 624 2085
1 -1200 448 2085
1 -1200 624 2085
1 -1200 640 2085
1 -1200 656 2085
1 -1184 448 2085
1 -1184 656 2085
1 -1168 448 2085
1 -1168 656 2085
1 -1152 448 2085
1 -1152 656 2085
1 -1136 448 2085
1 -1136 656 2085
1 -1120 448 2085
1 -1120 528 2085
1 -1120 544 2085
1 -1120 560 2085
1 -1120 576 2085
1 -1120 656 2085
1 -1104 448 2085
1 -1104 528 2085
1 -1104 576 2085
1 -1104 656 2085
1 -1104 672 2085
1 -1088 448 2085
1 -1088 528 2085
1 -1088 576 2085
1 -1072 448 2085
1 -1072 528 2085
1 -1072 576 2085
1 -1056 448 2085
1 -1056 496 2075
1 -1056 512 2083
1 -1056 528 2085
1 -1056 576 2085
1 -1040 448 2085
1 -1040 496 2076
1 -1040 512 2084
1 -1040 528 2085
1 -1040 576 2085
1 -1024 448 2085
1 -1024 528 2085
1 -1024 576 2085
1 -1008 448 2085
1 -1008 528 2085
1 -1008 576 2085
1 -992 448 2085
1 -992 528 2085
1 -992 576 2085
1 -992 592 2085
1 -992 608 2085
1 -992 624 2085
1 -992 640 2085
1 -976 448 2085
1 -976 528 2085
1 -976 640 2085
1 -960 448 2085
1 -960 528 2085
1 -960 640 2085
1 -944 448 2085
1 -944 528 2085
1 -944 544 2085
1 -944 560 2085
1 -944 576 2085
1 -944 592 2085
1 -944 640 2085
1 -928 448 2085
1 -928 592 2085
1 -928 640 2085
1 -912 448 2085
1 -912 592 2085
1 -912 640 2085
1 -896 448 2085
1 -896 592 2085
1 -896 640 2085
1 -880 448 2085
1 -880 592 2085
1 -880 640 2085
1 -864 448 2085
1 -864 560 2075
1 -864 576 2083
1 -864 592 2085
1 -864 640 2085
1 -848 448 2085
1 -848 560 2076
1 -848 576 2084
1 -848 592 2085
1 -848 640 2085
1 -832 448 2085
1 -832 592 2085
1 -832 640 2085
1 -816 448 2085
1 -816 592 2085
1 -816 640 2085
1 -800 448 2085
1 -800 560 2075
1 -800 576 2083
1 -800 592 2085
1 -800 640 2085
1 -784 448 2085
1 -784 560 2076
1 -784 576 2084
1 -784 592 2085
1 -784 640 2085
1 -768 448 2085
1 -768 592 2085
1 -768 640 2085
1 -752 416 2085
1 -752 432 2085
1 -752 448 2085
1 -752 592 2085
1 -752 640 2085
1 -736 416 2085
1 -736 560 2085
1 -736 576 2085
1 -736 592 2085
1 -736 640 2085
1 -720 384 2085
1 -720 400 2085
1 -720 416 2085
1 -720 560 2085
1 -720 640 2085
1 -704 384 2085
1 -704 528 2085
1 -704 544 2085
1 -704 560 2085
1 -704 640 2085
1 -688 320 2085
1 -688 336 2085
1 -688 352 2085
1 -688 368 2085
1 -688 384 2085
1 -688 528 2085
1 -688 576 2085
1 -688 592 2085
1 -688 608 2085
1 -688 624 2085
1 -688 640 2085
1 -672 320 2085
1 -672 528 2085
1 -672 576 2085
1 -656 320 2085
1 -656 528 2085
1 -656 576 2085
1 -640 320 2085
1 -640 528 2085
1 -640 576 2085
1 -624 320 2085
1 -624 528 2085
1 -624 576 2085
1 -608 288 2085
1 -608 304 2085
1 -608 320 2085
1 -608 496 2085
1 -608 512 2085
1 -608 528 2085
1 -608 576 2085
1 -592 288 2085
1 -592 496 2085
1 -592 544 2085
1 -592 560 2085
1 -592 576 2085
1 -576 256 2085
1 -576 272 2085
1 -576 288 2085
1 -576 464 2085
1 -576 480 2085
1 -576 496 2085
1 -576 544 2085
1 -560 256 2085
1 -560 464 2085
1 -560 512 2085
1 -560 528 2085
1 -560 544 2085
1 -544 256 2085
1 -544 464 2085
1 -544 512 2085
1 -544 656 2085
1 -544 672 2085
1 -528 256 2085
1 -528 464 2085
1 -528 512 2085
1 -528 656 2085
1 -512 256 2085
1 -512 464 2085
1 -512 512 2085
1 -512 656 2085
1 -496 256 2085
1 -496 464 2085
1 -496 512 2085
1 -496 656 2085
1 -480 256 2085
1 -480 432 2075
1 -480 448 2083
1 -480 464 2085
1 -480 512 2085
1 -480 624 2075
1 -480 640 2083
1 -480 656 2085
1 -464 256 2085
1 -464 272 2085
1 -464 288 2085
1 -464 304 2085
1 -464 320 2085
1 -464 400 2075
1 -464 416 2083
1 -464 432 2076
1 -464 448 2084
1 -464 464 2085
1 -464 512 2085
1 -464 592 2075
1 -464 608 2083
1 -464 624 2076
1 -464 640 2084
1 -464 656 2085
1 -448 320 2085
1 -448 400 2076
1 -448 416 2084
1 -448 432 2075
1 -448 448 2083
1 -448 464 2085
1 -448 512 2085
1 -448 592 2076
1 -448 608 2084
1 -448 624 2075
1 -448 640 2083
1 -448 656 2085
1 -432 320 2085
1 -432 400 2075
1 -432 416 2083
1 -432 432 2076
1 -432 448 2084
1 -432 464 2085
1 -432 512 2085
1 -432 624 2076
1 -432 640 2084
1 -432 656 2085
1 -416 320 2085
1 -416 400 2076
1 -416 416 2084
1 -416 432 2075
1 -416 448 2083
1 -416 464 2085
1 -416 512 2085
1 -416 656 2085
1 -400 320 2085
1 -400 400 2075
1 -400 416 2083
1 -400 432 2076
1 -400 448 2084
1 -400 464 2085
1 -400 512 2085
1 -400 656 2085
1 -400 672 2085
1 -384 320 2085
1 -384 400 2076
1 -384 416 2084
1 -384 432 2075
1 -384 448 2083
1 -384 464 2085
1 -384 512 2085
1 -368 320 2085
1 -368 432 2076
1 -368 448 2084
1 -368 464 2085
1 -368 512 2085
1 -352 288 2085
1 -352 304 2085
1 -352 320 2085
1 -352 464 2085
1 -352 512 2085
1 -336 288 2085
1 -336 464 2085
1 -336 512 2085
1 -320 256 2085
1 -320 272 2085
1 -320 288 2085
1 -320 464 2085
1 -320 512 2085
1 -304 256 2085
1 -304 464 2085
1 -304 512 2085
1 -288 256 2085
1 -288 464 2085
1 -288 512 2085
1 -272 256 2085
1 -272 464 2085
1 -272 512 2085
1 -256 256 2085
1 -256 464 2085
1 -256 512 2085
1 -240 256 2085
1 -240 464 2085
1 -240 512 2085
1 -224 256 2085
1 -224 432 2085
1 -224 448 2085
1 -224 464 2085
1 -224 512 2085
1 -208 256 2085
1 -208 432 2085
1 -208 512 2085
1 -192 256 2085
1 -192 400 2085
1 -192 416 2085
1 -192 432 2085
1 -192 512 2085
1 -176 256 2085
1 -176 400 2085
1 -176 512 2085
1 -160 256 2085
1 -160 400 2085
1 -160 512 2085
1 -144 256 2085
1 -144 400 2085
1 -144 512 2085
1 -128 256 2085
1 -128 272 2085
1 -128 288 2085
1 -128 400 2085
1 -128 512 2085
1 -128 528 2085
1 -128 544 2085
1 -128 656 2085
1 -128 672 2085
1 -112 288 2085
1 -112 400 2085
1 -112 544 2085
1 -112 656 2085
1 -96 288 2085
1 -96 304 2085
1 -96 320 2085
1 -96 400 2085
1 -96 544 2085
1 -96 560 2085
1 -96 576 2085
1 -96 656 2085
1 -80 320 2085
1 -80 400 2085
1 -80 576 2085
1 -80 656 2085
1 -64 320 2085
1 -64 336 2085
1 -64 352 2085
1 -64 400 2085
1 -64 576 2085
1 -64 592 2085
1 -64 608 2085
1 -64 656 2085
1 -48 352 2085
1 -48 400 2085
1 -48 608 2085
1 -48 656 2085
1 -32 352 2014
1 -32 400 2005
1 -32 608 2014
1 -32 656 2005
1 -16 352 2015
1 -16 400 2015
1 -16 608 2015
1 -16 656 2015
1 -1232 624 2085
1 -1216 624 2085
1 -1200 624 2085
1 -1200 640 2085
1 -1200 656 2085
1 -1184 656 2085
1 -1168 656 2085
1 -1152 656 2085
1 -1136 656 2085
1 -1120 656 2085
1 -1104 656 2085
1 -1104 672 2085
1 -1104 688 2085
1 -1088 688 2085
1 -1072 688 2085
1 -1072 704 2085
1 -1072 720 2085
1 -1056 720 2085
1 -1040 720 2085
1 -1024 688 2075
1 -1024 704 2083
1 -1024 720 2085
1 -1008 688 2076
1 -1008 704 2084
1 -1008 720 2085
1 -992 624 2085
1 -992 640 2085
1 -992 720 2085
1 -976 640 2085
1 -976 720 2085
1 -960 640 2085
1 -960 720 2085
1 -944 640 2085
1 -944 720 2085
1 -928 640 2085
1 -928 720 2085
1 -912 640 2085
1 -912 720 2085
1 -896 640 2085
1 -896 720 2085
1 -880 640 2085
1 -880 720 2085
1 -864 640 2085
1 -864 720 2085
1 -848 640 2085
1 -848 720 2085
1 -832 640 2085
1 -832 720 2085
1 -816 640 2085
1 -816 720 2085
1 -800 640 2085
1 -800 688 2075
1 -800 704 2083
1 -800 720 2085
1 -784 640 2085
1 -784 688 2076
1 -784 704 2084
1 -784 720 2085
1 -768 640 2085
1 -768 688 2075
1 -768 704 2083
1 -768 720 2085
1 -752 640 2085
1 -752 688 2076
1 -752 704 2084
1 -752 720 2085
1 -736 640 2085
1 -736 720 2085
1 -720 640 2085
1 -720 720 2085
1 -704 640 2085
1 -704 720 2085
1 -688 624 2085
1 -688 640 2085
1 -688 720 2085
1 -672 720 2085
1 -656 720 2085
1 -640 720 2085
1 -624 720 2085
1 -608 720 2085
1 -592 720 2085
1 -576 720 2085
1 -560 720 2085
1 -544 656 2085
1 -544 672 2085
1 -544 688 2085
1 -544 704 2085
1 -544 720 2085
1 -528 656 2085
1 -512 656 2085
1 -496 656 2085
1 -480 624 2075
1 -480 640 2083
1 -480 656 2085
1 -464 624 2076
1 -464 640 2084
1 -464 656 2085
1 -448 624 2075
1 -448 640 2083
1 -448 656 2085
1 -432 624 2076
1 -432 640 2084
1 -432 656 2085
1 -416 656 2085
1 -400 656 2085
1 -400 672 2085
1 -400 688 2085
1 -384 688 2085
1 -368 688 2085
1 -368 704 2085
1 -368 720 2085
1 -352 720 2085
1 -336 720 2085
1 -320 720 2085
1 -304 720 2085
1 -288 720 2085
1 -272 720 2085
1 -256 720 2085
1 -240 720 2085
1 -224 720 2085
1 -208 720 2085
1 -192 720 2085
1 -176 720 2085
1 -160 688 2085
1 -160 704 2085
1 -160 720 2085
1 -144 688 2085
1 -128 656 2085
1 -128 672 2085
1 -128 688 2085
1 -112 656 2085
1 -96 656 2085
1 -80 656 2085
1 -64 656 2085
1 -48 656 2085

31 100 100 3001



#LADYBIRD
#type x y ani x0 y0 x1 y1
30 50 50 3101 25 25 75 75
30 -224 380 3101 -400 380 -224 380




